1090
1091
1090
1091
1090
1090
1090
1090
1090
1090
1090
1090
1090
1089
1090
1090
1090
1090
1090
1090
1089
1090
1090
1089
1089
1089
1090
1090
1089
1089
1089
1089
1089
1089
1089
1089
1089
1090
1089
1089
1089
1089
1088
1089
1089
1089
1088
1088
1088
1089
1088
1088
1089
1087
1087
1087
1087
1086
1087
1087
1086
1087
1086
1087
1086
1086
1085
1085
1086
1086
1085
1085
1085
1085
1086
1085
1086
1085
1085
1085
1085
1085
1085
1085
1085
1084
1085
1085
1085
1084
1084
1085
1085
1084
1084
1084
1084
1084
1085
1085
1084
1085
1084
1085
1085
1085
1084
1085
1085
1085
1085
1085
1085
1085
1085
1085
1085
1085
1085
1085
1085
1085
1085
1086
1086
1085
1085
1085
1085
1085
1086
1086
1086
1086
1085
1086
1085
1086
1085
1086
1085
1086
1086
1086
1086
1085
1086
1086
1087
1087
1087
1087
1086
1086
1086
1088
1087
1087
1087
1088
1089
1088
1088
1088
1088
1088
1088
1089
1089
1089
1089
1089
1089
1089
1089
1089
1089
1089
1089
1089
1090
1089
1089
1090
1089
1089
1090
1090
1090
1089
1090
1090
1090
1090
1090
1090
1090
1090
1090
1090
1090
1090
1090
1090
1090
1090
1090
1090
1090
1090
1090
1090
1090
1090
1090
1090
1090
1090
1090
1090
1090
1090
1090
1090
1090
1090
1090
1090
1089
1089
1090
1090
1089
1089
1089
1090
1090
1090
1090
1090
1090
1090
1089
1090
1090
1090
1090
1090
1090
1090
1089
1090
1090
1090
1090
1090
1090
1090
1090
1090
1090
1090
1090
1090
1090
1090
1090
1090
1090
1090
1091
1090
1090
1090
1090
1090
1090
1090
1090
1090
1090
1090
1091
1090
1091
1091
1091
1091
1091
1092
1091
1091
1091
1092
1092
1092
1093
1092
1093
1092
1092
1093
1092
1092
1093
1093
1094
1093
1093
1093
1093
1093
1093
1094
1094
1094
1094
1094
1094
1093
1094
1094
1094
1095
1095
1094
1094
1095
1094
1094
1095
1095
1095
1095
1095
1095
1095
1095
1095
1095
1095
1096
1095
1095
1095
1095
1095
1096
1095
1095
1095
1095
1095
1095
1096
1095
1095
1096
1096
1096
1096
1095
1096
1096
1095
1096
1098
1098
1097
1097
1097
1096
1097
1097
1096
1097
1097
1097
1098
1098
1098
1097
1098
1098
1099
1099
1099
1099
1099
1098
1098
1098
1099
1098
1099
1099
1097
1098
1099
1099
1098
1098
1098
1098
1097
1097
1097
1096
1097
1096
1096
1096
1095
1096
1095
1095
1095
1095
1095
1095
1095
1095
1095
1095
1094
1094
1094
1095
1094
1094
1094
1093
1094
1093
1093
1093
1091
1092
1091
1092
1092
1092
1093
1093
1092
1092
1092
1091
1092
1093
1093
1092
1092
1092
1093
1092
1093
1092
1092
1092
1092
1093
1093
1093
1092
1092
1093
1093
1093
1092
1092
1093
1093
1093
1093
1093
1093
1093
1093
1093
1093
1092
1092
1093
1093
1094
1094
1094
1093
1093
1093
1093
1093
1093
1092
1092
1092
1092
1091
1091
1091
1091
1091
1091
1091
1091
1090
1091
1090
1090
1091
1090
1090
1091
1091
1090
1091
1090
1091
1091
1091
1091
1090
1090
1091
1091
1090
1090
1090
1090
1091
1091
1091
1091
1091
1091
1091
1091
1091
1091
1091
1091
1092
1091
1091
1090
1092
1091
1091
1092
1091
1092
1092
1092
1093
1092
1093
1093
1092
1093
1094
1094
1094
1093
1094
1094
1094
1094
1095
1094
1094
1094
1095
1094
1093
1094
1094
1094
1094
1093
1094
1094
1093
1094
1094
1093
1093
1094
1094
1093
1094
1094
1093
1093
1093
1094
1093
1093
1093
1093
1093
1093
1093
1093
1093
1094
1093
1093
1093
1093
1092
1092
1093
1093
1093
1093
1093
1093
1093
1093
1091
1092
1093
1093
1093
1092
1093
1092
1093
1093
1094
1092
1094
1093
1094
1094
1094
1094
1093
1094
1094
1095
1094
1094
1095
1094
1094
1094
1094
1095
1094
1094
1095
1094
1095
1094
1095
1095
1095
1094
1094
1094
1094
1095
1095
1095
1094
1094
1095
1094
1094
1094
1095
1095
1095
1094
1095
1095
1094
1095
1095
1095
1095
1095
1095
1095
1094
1095
1094
1093
1093
1094
1093
1093
1093
1093
1093
1094
1094
1093
1092
1093
1094
1093
1093
1094
1094
1093
1093
1092
1092
1092
1091
1091
1091
1091
1090
1091
1091
1090
1090
1090
1090
1091
1090
1090
1090
1091
1090
1090
1090
1090
1090
1090
1090
1090
1089
1090
1090
1090
1089
1089
1089
1089
1089
1089
1089
1089
1089
1089
1089
1090
1089
1089
1090
1089
1090
1089
1090
1090
1090
1090
1090
1090
1090
1090
1090
1090
1091
1090
1090
1090
1090
1090
1090
1091
1092
1091
1092
1093
1094
1094
1093
1094
1093
1094
1094
1094
1094
1095
1095
1095
1095
1094
1095
1095
1095
1095
1095
1095
1095
1095
1095
1095
1095
1095
1095
1096
1095
1095
1095
1097
1096
1096
1096
1096
1097
1096
1096
1096
1097
1097
1096
1097
1097
1097
1099
1098
1098
1099
1099
1099
1099
1099
1099
1099
1099
1099
1100
1099
1099
1099
1099
1100
1100
1100
1100
1100
1100
1100
1100
1100
1100
1100
1100
1100
1100
1100
1100
1100
1100
1100
1100
1100
1100
1100
1100
1101
1101
1102
1101
1102
1102
1102
1101
1101
1101
1103
1102
1102
1101
1102
1102
1101
1102
1103
1103
1103
1103
1104
1103
1103
1103
1104
1104
1104
1103
1104
1104
1104
1104
1104
1104
1104
1104
1105
1104
1104
1105
1105
1105
1104
1105
1105
1105
1105
1105
1105
1105
1106
1105
1105
1105
1105
1105
1106
1105
1106
1105
1105
1107
1107
1107
1108
1107
1108
1108
1108
1109
1108
1109
1109
1109
1109
1109
1110
1110
1110
1109
1110
1110
1110
1110
1110
1110
1110
1110
1110
1110
1111
1111
1110
1111
1110
1111
1111
1111
1111
1112
1112
1112
1113
1113
1113
1112
1114
1113
1114
1113
1113
1113
1114
1115
1114
1114
1115
1114
1114
1114
1114
1114
1114
1115
1114
1115
1114
1114
1115
1114
1115
1115
1115
1115
1114
1115
1115
1115
1115
1115
1115
1115
1115
1115
1115
1115
1115
1115
1115
1116
1115
1117
1117
1117
1117
1116
1115
1115
1115
1115
1116
1116
1117
1117
1116
1116
1115
1116
1116
1116
1117
1116
1117
1117
1117
1117
1117
1117
1117
1117
1117
1116
1117
1119
1119
1118
1119
1119
1119
1119
1119
1119
1119
1119
1119
1119
1120
1120
1120
1120
1120
1120
1120
1120
1120
1120
1120
1120
1120
1121
1121
1120
1121
1121
1122
1122
1123
1123
1123
1123
1124
1124
1123
1124
1124
1124
1124
1124
1125
1124
1124
1124
1124
1124
1124
1124
1125
1125
1125
1125
1124
1125
1125
1125
1125
1125
1125
1125
1125
1125
1126
1125
1125
1125
1125
1126
1126
1126
1126
1127
1129
1128
1128
1128
1128
1128
1129
1128
1129
1129
1130
1129
1129
1130
1130
1129
1130
1130
1130
1130
1130
1130
1131
1131
1131
1130
1131
1131
1132
1132
1132
1133
1133
1133
1133
1134
1134
1133
1134
1134
1134
1134
1134
1134
1134
1135
1135
1135
1135
1135
1134
1135
1134
1135
1135
1135
1135
1135
1134
1135
1135
1135
1135
1135
1135
1135
1135
1135
1135
1135
1135
1135
1135
1136
1135
1135
1136
1137
1137
1136
1138
1137
1138
1138
1139
1139
1139
1139
1139
1138
1138
1137
1137
1137
1136
1136
1135
1135
1135
1135
1135
1135
1134
1134
1134
1135
1134
1134
1134
1134
1134
1134
1134
1134
1135
1134
1134
1135
1134
1135
1135
1135
1134
1135
1135
1135
1135
1135
1135
1135
1135
1135
1135
1136
1135
1136
1136
1136
1135
1135
1137
1136
1136
1136
1136
1137
1137
1138
1138
1138
1138
1139
1139
1139
1139
1140
1140
1140
1140
1140
1140
1140
1139
1140
1141
1141
1141
1141
1142
1142
1142
1143
1143
1143
1144
1144
1144
1145
1145
1145
1145
1145
1145
1145
1145
1145
1145
1146
1145
1146
1147
1145
1146
1146
1146
1147
1146
1146
1147
1146
1146
1147
1146
1147
1148
1147
1148
1148
1149
1149
1149
1150
1149
1149
1150
1150
1150
1150
1150
1150
1150
1150
1150
1150
1151
1151
1152
1153
1153
1154
1154
1154
1155
1154
1155
1155
1155
1155
1155
1156
1156
1156
1157
1157
1157
1158
1157
1159
1160
1159
1160
1159
1160
1160
1160
1160
1161
1161
1161
1162
1161
1163
1163
1162
1163
1163
1163
1164
1164
1165
1163
1164
1165
1165
1165
1165
1164
1165
1165
1165
1165
1165
1165
1165
1165
1165
1165
1165
1165
1165
1165
1165
1165
1165
1165
1165
1165
1165
1166
1165
1165
1166
1166
1166
1166
1166
1166
1166
1167
1167
1167
1168
1168
1167
1169
1169
1168
1168
1169
1169
1170
1169
1170
1169
1170
1170
1170
1170
1170
1170
1171
1171
1171
1171
1173
1173
1173
1173
1173
1174
1174
1174
1174
1174
1174
1174
1174
1175
1175
1175
1175
1175
1175
1175
1175
1175
1176
1176
1177
1176
1177
1177
1177
1178
1178
1178
1179
1179
1179
1179
1179
1180
1180
1180
1180
1180
1180
1180
1181
1181
1181
1181
1183
1182
1183
1183
1184
1184
1184
1184
1185
1184
1185
1184
1184
1185
1185
1185
1185
1186
1185
1185
1187
1187
1188
1188
1188
1189
1189
1189
1189
1189
1190
1190
1190
1190
1190
1190
1190
1192
1192
1191
1192
1194
1193
1194
1194
1194
1194
1194
1195
1195
1195
1195
1195
1195
1196
1196
1197
1197
1197
1199
1199
1199
1199
1199
1199
1200
1200
1200
1200
1200
1201
1200
1201
1201
1201
1200
1202
1202
1202
1203
1203
1203
1205
1203
1204
1204
1204
1204
1204
1205
1205
1205
1205
1205
1205
1205
1205
1205
1205
1205
1205
1204
1205
1204
1204
1205
1204
1204
1204
1204
1204
1204
1205
1204
1205
1204
1204
1204
1204
1204
1204
1205
1204
1204
1204
1204
1204
1204
1205
1205
1205
1205
1205
1205
1205
1205
1205
1205
1205
1205
1206
1206
1207
1207
1208
1207
1207
1208
1208
1208
1209
1209
1209
1210
1210
1210
1210
1210
1210
1211
1210
1210
1211
1211
1211
1212
1212
1213
1212
1212
1213
1213
1214
1214
1214
1214
1214
1215
1214
1215
1215
1215
1215
1215
1215
1215
1216
1217
1217
1218
1218
1219
1219
1218
1219
1220
1220
1219
1220
1220
1220
1220
1220
1221
1220
1221
1221
1222
1223
1222
1223
1223
1224
1224
1224
1225
1225
1224
1224
1225
1225
1225
1225
1225
1225
1226
1226
1227
1227
1227
1227
1228
1229
1227
1228
1229
1229
1229
1230
1229
1229
1230
1230
1230
1230
1230
1230
1231
1231
1231
1232
1231
1231
1233
1234
1234
1234
1234
1234
1234
1235
1235
1235
1235
1235
1235
1235
1235
1236
1236
1236
1237
1237
1238
1239
1239
1239
1239
1239
1239
1240
1239
1240
1240
1240
1240
1240
1240
1240
1241
1241
1241
1240
1242
1241
1241
1243
1243
1242
1244
1244
1244
1244
1245
1244
1244
1245
1244
1245
1245
1245
1245
1245
1245
1246
1247
1247
1246
1246
1246
1247
1248
1247
1247
1248
1248
1248
1248
1249
1248
1248
1248
1248
1249
1249
1249
1249
1250
1249
1249
1250
1250
1250
1250
1250
1250
1250
1250
1250
1251
1252
1252
1251
1253
1254
1253
1254
1254
1254
1255
1255
1254
1255
1255
1255
1255
1255
1255
1255
1256
1255
1255
1256
1255
1256
1255
1255
1256
1255
1256
1256
1255
1255
1257
1257
1255
1256
1257
1256
1256
1256
1257
1257
1258
1258
1257
1257
1258
1259
1258
1259
1258
1258
1258
1260
1259
1259
1259
1259
1260
1259
1260
1260
1259
1260
1260
1260
1260
1260
1260
1261
1261
1261
1262
1261
1263
1263
1262
1264
1263
1264
1264
1264
1265
1265
1264
1265
1265
1265
1265
1265
1265
1265
1265
1266
1266
1267
1267
1266
1267
1268
1267
1268
1267
1268
1267
1268
1268
1267
1268
1267
1267
1267
1267
1266
1267
1267
1267
1267
1266
1267
1267
1267
1266
1267
1268
1267
1267
1267
1268
1268
1268
1267
1268
1268
1269
1269
1269
1269
1269
1269
1270
1270
1270
1270
1270
1270
1270
1270
1271
1272
1271
1271
1272
1273
1273
1274
1274
1274
1274
1275
1275
1275
1275
1275
1275
1275
1275
1276
1276
1276
1277
1277
1277
1278
1279
1279
1279
1280
1279
1279
1280
1280
1280
1280
1280
1280
1280
1280
1280
1280
1281
1280
1280
1280
1280
1281
1282
1281
1282
1282
1282
1282
1282
1282
1283
1283
1283
1283
1283
1284
1284
1283
1283
1284
1284
1284
1284
1284
1285
1284
1285
1285
1285
1285
1285
1285
1285
1285
1285
1285
1285
1285
1286
1286
1286
1286
1286
1286
1287
1288
1288
1287
1287
1288
1289
1288
1288
1289
1289
1289
1289
1289
1289
1290
1290
1290
1290
1290
1290
1290
1290
1290
1290
1290
1290
1290
1291
1291
1291
1292
1292
1292
1293
1293
1293
1294
1294
1294
1294
1294
1294
1295
1295
1294
1294
1295
1294
1295
1295
1295
1295
1295
1295
1295
1296
1296
1296
1296
1297
1297
1296
1297
1297
1298
1298
1298
1299
1298
1299
1299
1299
1299
1300
1300
1300
1300
1300
1300
1300
1300
1300
1300
1300
1300
1301
1301
1302
1302
1302
1302
1302
1303
1303
1304
1303
1304
1304
1304
1304
1304
1304
1305
1304
1305
1305
1305
1305
1305
1305
1305
1306
1305
1306
1306
1306
1307
1307
1306
1306
1308
1307
1307
1308
1307
1307
1308
1308
1309
1308
1309
1308
1309
1308
1308
1308
1308
1308
1307
1309
1307
1309
1308
1307
1307
1306
1307
1306
1306
1306
1306
1305
1305
1305
1305
1305
1305
1303
1303
1301
1302
1300
1300
1300
1300
1300
1299
1298
1298
1298
1296
1296
1296
1295
1295
1295
1295
1295
1295
1294
1294
1295
1294
1294
1295
1295
1294
1295
1295
1294
1295
1294
1294
1295
1295
1295
1294
1295
1295
1295
1295
1295
1295
1295
1295
1294
1294
1295
1294
1295
1294
1294
1294
1294
1294
1294
1295
1294
1295
1294
1294
1294
1295
1294
1295
1295
1294
1295
1294
1295
1294
1294
1294
1294
1295
1294
1294
1294
1294
1294
1294
1294
1294
1294
1295
1294
1294
1294
1295
1294
1294
1295
1295
1295
1295
1294
1295
1295
1295
1295
1295
1295
1295
1295
1295
1295
1295
1296
1295
1295
1296
1296
1297
1297
1297
1298
1298
1298
1299
1299
1299
1299
1299
1299
1299
1299
1300
1300
1300
1300
1300
1300
1300
1300
1301
1301
1302
1301
1303
1304
1304
1303
1304
1304
1304
1304
1305
1304
1305
1305
1305
1305
1305
1305
1305
1306
1306
1307
1306
1305
1307
1307
1306
1308
1308
1307
1308
1309
1307
1308
1308
1308
1309
1308
1308
1309
1308
1308
1308
1309
1309
1308
1309
1307
1309
1309
1309
1309
1309
1309
1309
1309
1309
1309
1310
1310
1310
1310
1310
1310
1311
1311
1311
1312
1311
1313
1312
1313
1313
1314
1314
1314
1313
1314
1314
1314
1315
1314
1314
1315
1314
1315
1315
1315
1315
1315
1315
1315
1315
1315
1316
1316
1316
1316
1316
1316
1318
1317
1318
1319
1318
1318
1319
1319
1318
1318
1319
1318
1320
1319
1319
1319
1319
1319
1319
1318
1319
1319
1319
1319
1319
1319
1319
1319
1319
1319
1320
1319
1319
1319
1320
1319
1319
1320
1320
1320
1320
1320
1320
1320
1320
1320
1319
1320
1320
1320
1320
1320
1320
1320
1320
1320
1320
1320
1320
1320
1320
1320
1321
1321
1321
1320
1320
1321
1320
1321
1320
1322
1323
1322
1323
1323
1323
1324
1324
1324
1323
1324
1324
1324
1325
1324
1325
1325
1325
1325
1325
1324
1324
1325
1325
1325
1324
1325
1325
1324
1325
1325
1324
1325
1325
1325
1324
1324
1324
1324
1324
1324
1324
1324
1324
1323
1324
1324
1324
1324
1324
1323
1322
1324
1322
1321
1322
1322
1322
1321
1320
1321
1320
1320
1320
1320
1321
1321
1321
1320
1321
1320
1320
1321
1321
1320
1320
1321
1321
1321
1321
1320
1320
1321
1321
1320
1321
1320
1320
1320
1320
1320
1320
1320
1320
1320
1320
1320
1320
1320
1320
1320
1320
1319
1319
1320
1319
1319
1319
1319
1319
1318
1318
1318
1317
1318
1318
1318
1317
1318
1317
1318
1317
1318
1317
1317
1317
1316
1316
1315
1316
1317
1315
1315
1315
1315
1316
1315
1316
1316
1315
1315
1315
1315
1315
1315
1316
1315
1315
1315
1315
1315
1315
1315
1315
1315
1315
1315
1316
1315
1315
1316
1315
1316
1315
1316
1315
1315
1315
1316
1316
1316
1317
1317
1317
1317
1317
1317
1319
1318
1318
1319
1319
1319
1319
1319
1320
1320
1320
1319
1320
1320
1320
1320
1320
1320
1320
1321
1321
1322
1322
1322
1322
1322
1323
1324
1324
1322
1324
1324
1325
1324
1324
1325
1324
1324
1325
1324
1325
1325
1325
1324
1325
1325
1325
1325
1325
1325
1325
1325
1325
1325
1325
1325
1325
1325
1325
1325
1326
1325
1325
1326
1325
1326
1326
1325
1326
1326
1326
1326
1325
1325
1326
1326
1326
1326
1325
1327
1326
1327
1327
1326
1325
1327
1326
1327
1326
1326
1326
1327
1326
1326
1326
1327
1327
1327
1327
1327
1327
1328
1328
1327
1327
1327
1328
1327
1327
1328
1327
1327
1328
1328
1327
1328
1328
1328
1328
1327
1328
1327
1327
1327
1326
1327
1327
1327
1326
1326
1326
1326
1326
1325
1325
1325
1325
1325
1325
1325
1326
1326
1325
1325
1326
1326
1326
1327
1326
1326
1327
1327
1327
1327
1327
1327
1327
1327
1328
1327
1328
1328
1329
1328
1328
1329
1329
1328
1329
1329
1329
1329
1329
1329
1328
1329
1329
1329
1329
1329
1329
1328
1329
1329
1329
1329
1329
1329
1329
1329
1329
1329
1329
1329
1329
1329
1329
1329
1330
1329
1329
1329
1330
1330
1330
1330
1330
1330
1330
1330
1330
1331
1330
1330
1330
1331
1330
1331
1330
1330
1330
1330
1331
1331
1330
1330
1330
1330
1330
1330
1330
1330
1330
1330
1330
1330
1330
1330
1330
1330
1330
1330
1330
1330
1330
1330
1330
1330
1330
1330
1330
1330
1330
1330
1330
1330
1330
1330
1331
1330
1330
1330
1330
1330
1331
1330
1330
1330
1331
1331
1331
1331
1332
1331
1331
1331
1331
1332
1332
1331
1332
1332
1332
1332
1333
1332
1332
1333
1332
1333
1332
1332
1334
1333
1334
1334
1333
1334
1334
1334
1334
1334
1335
1334
1334
1334
1333
1334
1334
1335
1334
1334
1334
1334
1335
1334
1334
1334
1334
1334
1334
1334
1334
1335
1335
1334
1334
1334
1334
1334
1335
1335
1334
1334
1334
1335
1335
1334
1334
1335
1335
1335
1335
1335
1335
1335
1335
1335
1335
1335
1335
1335
1336
1336
1336
1337
1336
1335
1336
1336
1336
1335
1336
1336
1336
1336
1336
1336
1335
1336
1335
1335
1336
1335
1335
1336
1335
1335
1335
1336
1336
1337
1337
1336
1336
1337
1337
1337
1335
1336
1336
1337
1337
1336
1336
1337
1336
1338
1338
1337
1338
1338
1338
1338
1339
1338
1339
1339
1339
1339
1339
1339
1338
1339
1340
1339
1339
1340
1340
1340
1340
1340
1340
1340
1340
1340
1340
1340
1340
1341
1340
1340
1341
1341
1340
1341
1340
1341
1340
1340
1341
1341
1340
1341
1341
1341
1341
1340
1341
1341
1340
1341
1340
1340
1340
1340
1340
1340
1340
1340
1340
1340
1340
1340
1340
1340
1340
1340
1340
1340
1340
1340
1340
1340
1340
1340
1340
1340
1340
1340
1341
1340
1341
1342
1341
1342
1341
1342
1342
1342
1342
1343
1342
1342
1342
1344
1343
1343
1343
1343
1343
1344
1343
1343
1343
1344
1343
1343
1344
1344
1344
1345
1343
1344
1344
1344
1343
1343
1344
1344
1343
1343
1344
1344
1344
1344
1343
1344
1344
1344
1344
1344
1344
1344
1345
1344
1344
1344
1344
1344
1345
1344
1344
1344
1344
1344
1344
1344
1344
1344
1344
1345
1344
1344
1345
1344
1344
1344
1344
1344
1344
1344
1345
1344
1344
1344
1344
1345
1344
1344
1344
1344
1344
1344
1344
1344
1344
1343
1344
1344
1344
1345
1344
1344
1344
1344
1344
1344
1344
1343
1344
1344
1343
1343
1344
1343
1344
1344
1342
1343
1343
1343
1343
1344
1343
1343
1343
1344
1344
1343
1343
1343
1343
1343
1343
1344
1344
1343
1343
1343
1343
1344
1343
1344
1343
1343
1344
1344
1344
1343
1343
1344
1344
1344
1344
1344
1344
1344
1344
1344
1344
1344
1344
1344
1344
1344
1344
1343
1344
1343
1342
1344
1342
1343
1343
1344
1343
1343
1343
1343
1344
1343
1343
1343
1343
1344
1343
1342
1344
1343
1343
1343
1343
1343
1343
1344
1344
1343
1343
1343
1343
1344
1344
1343
1342
1343
1343
1344
1344
1344
1343
1342
1343
1343
1344
1344
1343
1343
1343
1343
1343
1342
1343
1344
1344
1343
1343
1344
1344
1344
1343
1344
1344
1344
1343
1344
1344
1343
1344
1343
1344
1343
1344
1344
1343
1344
1343
1344
1344
1344
1344
1344
1343
1343
1344
1344
1344
1344
1344
1344
1344
1344
1344
1344
1344
1344
1344
1343
1343
1344
1344
1343
1344
1344
1344
1344
1344
1344
1344
1344
1344
1344
1344
1344
1345
1344
1344
1344
1345
1344
1344
1345
1345
1344
1344
1344
1344
1344
1345
1344
1344
1345
1344
1345
1345
1345
1345
1345
1345
1344
1345
1345
1344
1345
1344
1345
1345
1345
1344
1345
1345
1345
1345
1345
1345
1345
1345
1345
1345
1345
1345
1345
1345
1345
1345
1345
1345
1345
1345
1345
1345
1345
1345
1345
1345
1345
1345
1345
1344
1345
1345
1345
1345
1345
1345
1345
1344
1345
1345
1344
1344
1345
1344
1344
1344
1344
1344
1344
1343
1343
1344
1343
1343
1344
1344
1342
1343
1344
1343
1343
1343
1342
1342
1343
1342
1343
1343
1343
1344
1344
1344
1343
1344
1344
1344
1344
1344
1344
1344
1344
1345
1345
1344
1344
1344
1345
1345
1345
1345
1345
1345
1344
1344
1345
1345
1345
1344
1345
1344
1345
1344
1345
1345
1345
1345
1345
1345
1345
1345
1345
1345
1345
1345
1345
1345
1345
1345
1345
1345
1345
1345
1345
1345
1344
1344
1345
1345
1344
1345
1345
1344
1345
1344
1344
1344
1344
1344
1344
1344
1344
1343
1343
1341
1343
1341
1341
1340
1340
1340
1341
1340
1339
1340
1339
1340
1340
1339
1339
1339
1339
1339
1339
1339
1337
1338
1338
1338
1338
1337
1338
1338
1337
1338
1338
1337
1338
1338
1338
1338
1338
1338
1338
1338
1338
1337
1339
1338
1338
1339
1338
1339
1339
1339
1339
1339
1339
1339
1340
1340
1339
1340
1340
1340
1340
1340
1339
1340
1340
1340
1340
1341
1340
1340
1340
1340
1340
1340
1340
1339
1340
1340
1340
1340
1341
1340
1340
1340
1340
1340
1340
1340
1340
1340
1340
1341
1341
1340
1340
1340
1340
1341
1341
1341
1341
1341
1341
1341
1342
1340
1341
1341
1342
1342
1341
1341
1341
1342
1341
1342
1342
1341
1343
1341
1342
1342
1343
1342
1342
1342
1342
1342
1342
1342
1343
1342
1343
1343
1343
1342
1343
1343
1343
1343
1343
1343
1344
1344
1343
1343
1343
1343
1344
1343
1343
1344
1343
1344
1344
1344
1344
1344
1343
1344
1344
1343
1344
1344
1344
1344
1344
1344
1344
1344
1344
1345
1344
1344
1345
1345
1344
1344
1344
1344
1344
1345
1344
1344
1344
1344
1344
1344
1344
1344
1345
1344
1344
1343
1344
1344
1343
1344
1344
1344
1343
1343
1343
1343
1343
1343
1342
1343
1342
1342
1342
1341
1341
1341
1341
1342
1342
1340
1341
1341
1341
1341
1341
1342
1340
1341
1341
1341
1340
1341
1342
1341
1341
1342
1341
1342
1341
1341
1342
1342
1342
1342
1342
1342
1342
1342
1343
1343
1343
1343
1343
1343
1343
1343
1343
1343
1343
1344
1344
1344
1343
1345
1344
1344
1344
1344
1344
1344
1344
1345
1344
1344
1345
1344
1345
1345
1345
1345
1345
1345
1344
1345
1345
1344
1345
1344
1344
1344
1344
1344
1344
1344
1344
1344
1344
1344
1344
1345
1345
1344
1345
1345
1344
1345
1344
1345
1345
1345
1345
1345
1345
1345
1345
1345
1345
1345
1346
1345
1346
1345
1346
1346
1346
1346
1346
1345
1346
1345
1345
1346
1346
1346
1347
1345
1346
1347
1346
1346
1346
1346
1346
1346
1346
1347
1347
1347
1347
1347
1346
1347
1347
1346
1346
1346
1346
1346
1347
1346
1346
1347
1346
1346
1346
1348
1347
1347
1349
1347
1348
1348
1348
1348
1347
1347
1347
1348
1348
1347
1349
1348
1347
1347
1346
1346
1346
1346
1347
1348
1347
1347
1347
1346
1346
1346
1346
1346
1345
1346
1346
1346
1346
1346
1346
1346
1346
1347
1347
1347
1347
1348
1348
1348
1348
1347
1348
1348
1349
1349
1349
1348
1349
1349
1350
1349
1349
1349
1349
1349
1348
1349
1349
1348
1349
1349
1350
1348
1349
1350
1349
1348
1349
1348
1349
1349
1349
1348
1347
1348
1347
1348
1347
1347
1346
1346
1347
1347
1346
1346
1346
1346
1347
1347
1347
1346
1347
1347
1347
1346
1346
1347
1346
1347
1347
1346
1348
1347
1347
1346
1347
1348
1348
1348
1348
1348
1349
1348
1348
1348
1348
1348
1348
1349
1349
1348
1350
1349
1349
1349
1349
1350
1349
1349
1349
1349
1350
1349
1350
1349
1350
1350
1350
1349
1350
1350
1350
1350
1350
1350
1350
1350
1350
1350
1350
1350
1350
1350
1351
1350
1351
1351
1351
1350
1350
1351
1352
1351
1351
1351
1351
1351
1350
1352
1350
1350
1350
1350
1350
1349
1349
1350
1349
1350
1350
1349
1349
1348
1348
1346
1346
1345
1345
1346
1345
1345
1345
1345
1345
1345
1345
1345
1345
1345
1345
1345
1345
1345
1345
1345
1345
1345
1345
1345
1345
1345
1345
1345
1345
1346
1345
1345
1345
1346
1345
1345
1345
1345
1345
1345
1345
1345
1345
1345
1345
1345
1345
1345
1345
1344
1344
1343
1343
1342
1341
1341
1340
1340
1340
1339
1339
1339
1338
1338
1337
1337
1335
1336
1336
1336
1335
1335
1335
1334
1335
1334
1334
1333
1331
1331
1331
1330
1330
1330
1329
1329
1329
1329
1328
1328
1327
1325
1325
1325
1325
1325
1325
1324
1324
1325
1324
1324
1323
1324
1323
1322
1323
1323
1322
1323
1322
1323
1321
1322
1321
1323
1321
1322
1321
1322
1321
1321
1322
1323
1322
1323
1321
1322
1323
1323
1323
1325
1324
1324
1324
1324
1325
1324
1325
1324
1325
1325
1325
1325
1325
1325
1325
1326
1327
1327
1326
1327
1327
1327
1328
1326
1327
1327
1326
1326
1326
1326
1326
1326
1325
1325
1325
1325
1325
1325
1325
1325
1325
1325
1325
1324
1325
1324
1324
1323
1323
1322
1322
1321
1321
1321
1320
1321
1320
1320
1320
1320
1320
1320
1320
1320
1320
1320
1320
1320
1320
1320
1320
1320
1320
1320
1320
1320
1319
1320
1319
1320
1320
1320
1320
1320
1320
1320
1320
1320
1320
1320
1320
1320
1320
1320
1320
1320
1320
1320
1320
1320
1320
1320
1320
1320
1321
1320
1321
1321
1322
1322
1322
1322
1322
1322
1321
1322
1323
1323
1324
1322
1323
1322
1321
1323
1322
1322
1321
1321
1321
1320
1321
1320
1321
1320
1320
1320
1320
1320
1320
1320
1320
1320
1319
1319
1320
1319
1319
1319
1320
1320
1319
1320
1320
1320
1320
1320
1320
1320
1320
1321
1320
1321
1322
1321
1322
1323
1323
1324
1324
1324
1324
1324
1325
1325
1325
1325
1325
1325
1325
1325
1325
1326
1325
1326
1326
1327
1328
1327
1328
1328
1329
1329
1330
1329
1330
1330
1330
1330
1331
1331
1333
1332
1332
1332
1333
1334
1334
1334
1335
1334
1334
1334
1335
1335
1335
1335
1335
1335
1336
1336
1337
1338
1338
1338
1339
1339
1339
1340
1339
1339
1340
1340
1340
1340
1340
1341
1341
1342
1341
1342
1342
1343
1343
1344
1344
1345
1344
1345
1345
1345
1345
1345
1345
1345
1345
1346
1345
1346
1346
1347
1348
1347
1348
1348
1349
1349
1350
1350
1350
1350
1350
1350
1350
1350
1350
1351
1351
1352
1353
1354
1353
1354
1354
1354
1354
1354
1355
1355
1355
1355
1354
1355
1355
1354
1354
1355
1355
1355
1354
1355
1355
1355
1355
1355
1355
1354
1355
1355
1355
1355
1355
1355
1355
1355
1355
1355
1355
1355
1355
1355
1355
1355
1355
1355
1355
1355
1355
1355
1355
1355
1354
1355
1355
1354
1355
1354
1354
1355
1354
1354
1354
1355
1354
1354
1354
1355
1354
1354
1354
1354
1354
1354
1355
1354
1354
1353
1352
1353
1352
1352
1351
1353
1352
1351
1352
1351
1352
1351
1352
1351
1352
1352
1352
1351
1351
1352
1351
1351
1351
1351
1351
1351
1351
1351
1350
1351
1351
1352
1351
1352
1352
1353
1352
1354
1354
1354
1353
1354
1354
1355
1355
1355
1355
1355
1355
1355
1355
1355
1355
1355
1355
1355
1355
1357
1356
1357
1358
1358
1357
1358
1358
1359
1359
1360
1358
1359
1359
1359
1359
1359
1360
1360
1360
1360
1360
1360
1360
1361
1361
1360
1361
1360
1360
1361
1362
1361
1362
1361
1361
1361
1362
1361
1361
1361
1360
1361
1362
1362
1361
1361
1361
1362
1362
1362
1363
1363
1364
1364
1364
1364
1364
1364
1364
1365
1364
1364
1364
1364
1364
1364
1365
1365
1365
1365
1365
1365
1365
1365
1365
1366
1366
1366
1366
1366
1366
1367
1368
1368
1368
1368
1369
1369
1369
1369
1369
1369
1369
1370
1370
1370
1370
1370
1370
1370
1370
1370
1371
1371
1371
1372
1371
1372
1372
1372
1373
1373
1373
1373
1374
1374
1374
1375
1374
1374
1374
1375
1375
1375
1375
1375
1375
1375
1375
1375
1375
1375
1375
1377
1376
1376
1376
1377
1379
1377
1379
1378
1379
1379
1379
1379
1379
1379
1379
1380
1380
1380
1380
1380
1380
1381
1380
1381
1381
1382
1383
1382
1383
1383
1383
1384
1384
1384
1384
1384
1385
1384
1385
1384
1384
1384
1385
1385
1385
1385
1385
1385
1385
1386
1385
1385
1386
1386
1385
1386
1385
1385
1385
1385
1385
1385
1385
1385
1385
1385
1385
1385
1385
1385
1385
1385
1385
1385
1385
1385
1385
1385
1385
1385
1386
1385
1385
1385
1385
1385
1385
1386
1385
1385
1385
1385
1385
1385
1385
1385
1385
1385
1384
1385
1385
1385
1385
1385
1385
1384
1385
1385
1385
1385
1384
1385
1385
1385
1385
1384
1384
1385
1384
1384
1385
1384
1384
1384
1384
1385
1384
1385
1385
1385
1385
1384
1385
1385
1385
1385
1385
1385
1385
1386
1386
1386
1387
1386
1386
1387
1388
1387
1387
1389
1389
1389
1389
1390
1390
1390
1390
1390
1390
1390
1391
1391
1391
1392
1393
1392
1393
1394
1394
1395
1395
1395
1395
1395
1396
1395
1397
1396
1398
1398
1399
1399
1399
1399
1400
1400
1400
1400
1400
1401
1402
1402
1403
1403
1403
1404
1405
1404
1405
1404
1404
1405
1405
1405
1405
1405
1405
1405
1405
1406
1406
1408
1407
1408
1409
1409
1409
1409
1409
1410
1410
1410
1410
1410
1410
1411
1412
1412
1413
1413
1413
1414
1414
1415
1415
1414
1415
1415
1415
1415
1415
1416
1416
1416
1417
1417
1418
1419
1418
1419
1419
1419
1419
1419
1419
1419
1419
1419
1419
1419
1419
1419
1418
1417
1417
1415
1415
1415
1415
1414
1415
1415
1415
1415
1414
1414
1414
1414
1415
1415
1415
1415
1415
1414
1415
1414
1415
1414
1415
1415
1414
1415
1415
1415
1415
1415
1415
1416
1417
1416
1417
1417
1417
1418
1419
1419
1419
1419
1420
1420
1420
1420
1420
1420
1420
1421
1421
1421
1423
1424
1424
1424
1424
1425
1425
1424
1425
1425
1425
1425
1425
1425
1425
1425
1426
1425
1425
1426
1426
1427
1428
1427
1428
1428
1429
1429
1429
1429
1429
1430
1429
1430
1430
1430
1430
1430
1430
1431
1431
1431
1432
1433
1433
1433
1434
1435
1434
1435
1435
1435
1435
1435
1435
1435
1436
1435
1435
1435
1435
1435
1435
1435
1435
1434
1435
1434
1434
1434
1434
1434
1434
1433
1431
1431
1431
1431
1431
1431
1431
1430
1430
1431
1430
1430
1430
1430
1430
1430
1430
1431
1430
1431
1431
1431
1432
1431
1432
1433
1434
1433
1434
1434
1435
1435
1435
1435
1435
1435
1436
1437
1436
1438
1439
1439
1439
1439
1439
1440
1440
1440
1440
1440
1441
1442
1443
1444
1444
1444
1444
1445
1444
1445
1445
1445
1445
1445
1445
1447
1446
1447
1448
1447
1449
1449
1449
1449
1449
1449
1449
1450
1450
1450
1450
1450
1450
1451
1451
1450
1450
1452
1452
1453
1453
1454
1454
1453
1453
1454
1454
1454
1454
1455
1454
1454
1454
1454
1454
1454
1454
1454
1454
1454
1454
1454
1455
1454
1455
1455
1455
1455
1455
1455
1455
1455
1456
1456
1456
1457
1457
1457
1458
1458
1458
1457
1458
1459
1459
1459
1459
1460
1459
1460
1460
1460
1460
1460
1460
1460
1460
1460
1461
1460
1461
1461
1461
1462
1462
1461
1463
1463
1462
1463
1464
1463
1464
1463
1464
1464
1464
1464
1465
1465
1464
1464
1464
1465
1464
1464
1464
1464
1463
1462
1461
1460
1460
1460
1460
1459
1459
1459
1459
1459
1458
1457
1456
1456
1456
1455
1455
1455
1455
1455
1455
1454
1454
1455
1454
1454
1454
1454
1454
1453
1453
1453
1451
1453
1452
1451
1451
1452
1451
1452
1451
1450
1450
1450
1450
1450
1450
1451
1450
1450
1451
1450
1451
1451
1451
1452
1451
1452
1452
1453
1453
1453
1454
1454
1455
1454
1455
1455
1455
1455
1455
1455
1455
1455
1455
1456
1456
1457
1457
1457
1458
1459
1459
1460
1459
1459
1459
1460
1459
1460
1460
1461
1460
1460
1460
1460
1462
1462
1463
1462
1463
1463
1463
1464
1464
1464
1465
1465
1464
1465
1465
1465
1465
1465
1466
1465
1466
1465
1467
1467
1468
1468
1467
1468
1469
1469
1469
1469
1470
1469
1470
1470
1470
1470
1470
1470
1470
1471
1471
1472
1471
1474
1472
1473
1473
1473
1474
1474
1474
1474
1475
1475
1475
1475
1475
1475
1475
1476
1475
1475
1476
1476
1476
1477
1476
1476
1476
1477
1476
1477
1479
1478
1478
1479
1479
1479
1480
1479
1479
1480
1479
1480
1479
1480
1480
1480
1480
1480
1480
1480
1479
1480
1480
1479
1480
1480
1480
1480
1480
1480
1480
1480
1480
1480
1480
1481
1481
1481
1481
1481
1481
1482
1482
1482
1483
1483
1484
1483
1483
1484
1485
1484
1485
1484
1485
1484
1484
1485
1485
1485
1485
1485
1485
1486
1485
1485
1486
1485
1486
1486
1487
1486
1487
1487
1488
1488
1488
1489
1489
1489
1489
1490
1490
1490
1490
1490
1490
1490
1490
1490
1490
1490
1490
1490
1490
1491
1490
1491
1491
1492
1492
1492
1492
1492
1492
1493
1492
1493
1493
1494
1492
1493
1493
1493
1493
1493
1492
1492
1492
1493
1492
1493
1493
1494
1493
1494
1493
1493
1493
1493
1493
1492
1494
1493
1493
1493
1493
1493
1494
1494
1494
1495
1494
1494
1494
1494
1494
1494
1494
1494
1494
1494
1494
1495
1494
1495
1495
1495
1495
1494
1494
1495
1495
1495
1494
1495
1495
1495
1495
1495
1495
1495
1495
1495
1495
1495
1495
1495
1496
1495
1496
1497
1497
1497
1497
1497
1496
1497
1496
1497
1497
1497
1498
1498
1498
1499
1499
1499
1499
1499
1499
1499
1500
1499
1500
1499
1500
1499
1500
1500
1500
1500
1500
1500
1500
1500
1500
1500
1500
1500
1500
1500
1500
1500
1500
1500
1500
1500
1500
1500
1500
1500
1500
1501
1500
1500
1500
1500
1500
1500
1500
1501
1501
1500
1501
1501
1500
1500
1501
1501
1501
1501
1500
1501
1501
1501
1501
1501
1502
1501
1501
1501
1501
1501
1501
1501
1501
1501
1502
1502
1503
1501
1502
1502
1502
1503
1503
1504
1503
1503
1502
1504
1504
1503
1503
1504
1504
1504
1503
1503
1504
1504
1504
1504
1504
1504
1504
1505
1505
1505
1505
1504
1504
1504
1505
1504
1505
1505
1504
1505
1505
1505
1505
1505
1504
1504
1505
1505
1504
1505
1505
1505
1505
1504
1505
1505
1505
1505
1505
1505
1505
1505
1505
1505
1505
1505
1505
1505
1505
1505
1505
1505
1504
1505
1505
1505
1505
1505
1505
1505
1505
1505
1505
1505
1505
1506
1506
1506
1505
1505
1506
1506
1506
1506
1506
1506
1507
1506
1508
1507
1506
1508
1507
1507
1507
1508
1507
1508
1508
1508
1508
1508
1509
1509
1508
1509
1508
1508
1509
1509
1509
1509
1509
1509
1509
1510
1509
1509
1509
1509
1509
1510
1509
1509
1509
1509
1509
1509
1508
1509
1509
1508
1509
1509
1508
1509
1508
1509
1509
1509
1509
1509
1509
1509
1509
1509
1509
1508
1508
1509
1509
1509
1509
1509
1509
1509
1509
1509
1510
1509
1509
1509
1510
1510
1509
1509
1510
1509
1509
1509
1509
1509
1509
1510
1509
1510
1509
1510
1510
1510
1510
1509
1510
1510
1510
1510
1510
1510
1510
1510
1510
1510
1510
1510
1510
1509
1510
1509
1510
1509
1510
1510
1509
1509
1509
1510
1509
1509
1510
1509
1509
1510
1509
1510
1510
1510
1510
1510
1509
1510
1510
1510
1510
1510
1510
1510
1510
1510
1509
1510
1510
1510
1510
1510
1509
1510
1509
1510
1509
1510
1509
1509
1509
1509
1509
1510
1509
1510
1509
1509
1510
1509
1509
1509
1509
1509
1509
1509
1509
1509
1509
1510
1509
1510
1510
1509
1509
1509
1509
1510
1510
1509
1510
1510
1510
1510
1510
1509
1510
1510
1510
1510
1510
1510
1509
1509
1509
1509
1509
1509
1510
1509
1509
1508
1509
1508
1508
1508
1508
1507
1509
1508
1507
1508
1508
1508
1507
1507
1508
1506
1506
1506
1506
1506
1507
1506
1506
1505
1506
1505
1505
1505
1505
1505
1505
1506
1506
1505
1506
1506
1505
1505
1505
1505
1506
1505
1505
1505
1505
1506
1505
1505
1505
1505
1505
1506
1505
1505
1506
1506
1507
1506
1506
1506
1507
1507
1507
1506
1505
1506
1506
1507
1507
1508
1507
1507
1507
1508
1507
1507
1507
1507
1506
1507
1507
1507
1507
1507
1507
1507
1506
1507
1507
1507
1506
1508
1507
1507
1508
1507
1507
1508
1507
1507
1508
1508
1508
1508
1508
1508
1508
1508
1508
1508
1507
1508
1507
1508
1508
1507
1507
1507
1507
1507
1508
1507
1507
1507
1508
1506
1506
1506
1507
1507
1508
1506
1507
1507
1506
1506
1506
1506
1506
1506
1506
1506
1506
1505
1505
1505
1506
1505
1505
1505
1505
1505
1505
1505
1505
1505
1505
1505
1505
1505
1505
1505
1506
1506
1505
1506
1505
1505
1505
1506
1505
1506
1506
1506
1506
1506
1505
1506
1505
1506
1505
1505
1505
1505
1505
1505
1506
1505
1505
1505
1505
1505
1505
1505
1505
1505
1505
1505
1505
1505
1505
1505
1505
1505
1505
1505
1505
1505
1505
1505
1504
1505
1505
1505
1505
1504
1505
1505
1505
1505
1505
1504
1505
1504
1505
1504
1505
1504
1504
1504
1504
1504
1504
1504
1504
1504
1504
1504
1503
1504
1503
1503
1503
1503
1503
1502
1503
1502
1503
1502
1502
1502
1502
1502
1502
1501
1502
1501
1501
1502
1501
1501
1502
1502
1502
1502
1502
1503
1501
1502
1501
1501
1501
1502
1501
1501
1502
1501
1501
1501
1502
1501
1501
1502
1501
1501
1501
1500
1501
1500
1501
1500
1500
1500
1500
1500
1500
1500
1501
1500
1500
1500
1500
1500
1500
1500
1500
1500
1500
1500
1500
1500
1499
1499
1500
1499
1500
1499
1500
1499
1500
1499
1500
1500
1499
1500
1499
1499
1500
1499
1499
1499
1499
1499
1499
1499
1499
1499
1499
1499
1500
1499
1500
1500
1500
1499
1500
1500
1500
1500
1499
1500
1500
1500
1499
1499
1499
1499
1500
1499
1499
1499
1499
1499
1499
1500
1499
1498
1499
1499
1499
1499
1499
1499
1499
1499
1499
1499
1499
1499
1499
1498
1498
1498
1498
1499
1498
1499
1498
1499
1498
1498
1498
1498
1499
1498
1498
1498
1498
1497
1497
1497
1497
1497
1496
1497
1496
1495
1495
1496
1495
1496
1495
1495
1495
1495
1495
1495
1495
1495
1495
1495
1495
1495
1495
1495
1495
1495
1495
1495
1495
1495
1495
1495
1495
1495
1495
1495
1495
1496
1495
1495
1495
1496
1495
1495
1496
1495
1496
1496
1496
1496
1496
1495
1496
1496
1495
1496
1496
1496
1496
1496
1497
1496
1496
1496
1495
1495
1495
1495
1495
1495
1495
1495
1494
1495
1494
1495
1494
1494
1494
1494
1493
1494
1493
1494
1493
1492
1493
1493
1494
1492
1491
1492
1492
1491
1492
1492
1491
1492
1491
1490
1491
1490
1490
1490
1491
1491
1490
1490
1490
1490
1490
1490
1490
1490
1490
1490
1490
1490
1490
1490
1490
1490
1490
1490
1490
1490
1489
1490
1490
1490
1490
1490
1490
1490
1490
1490
1490
1490
1490
1490
1490
1490
1490
1490
1490
1490
1490
1490
1490
1490
1490
1490
1490
1490
1490
1490
1490
1490
1490
1490
1489
1490
1490
1489
1490
1490
1490
1490
1490
1490
1490
1490
1490
1490
1490
1490
1489
1490
1490
1490
1490
1490
1489
1490
1490
1489
1490
1489
1489
1490
1490
1490
1489
1489
1490
1489
1489
1489
1489
1489
1489
1489
1489
1489
1489
1489
1489
1489
1489
1489
1489
1489
1489
1488
1488
1488
1487
1488
1487
1489
1488
1487
1488
1488
1489
1488
1489
1488
1488
1488
1488
1487
1488
1488
1488
1488
1488
1488
1489
1488
1489
1488
1487
1489
1489
1489
1488
1488
1489
1488
1488
1489
1488
1487
1489
1487
1487
1487
1487
1488
1486
1489
1487
1489
1487
1486
1488
1488
1487
1487
1487
1487
1487
1486
1489
1488
1488
1486
1485
1486
1487
1487
1486
1486
1486
1486
1486
1485
1485
1486
1485
1485
1485
1485
1485
1485
1485
1485
1485
1485
1485
1485
1485
1485
1485
1485
1485
1485
1485
1485
1485
1485
1485
1485
1485
1485
1485
1485
1484
1484
1484
1484
1484
1485
1484
1484
1485
1484
1484
1484
1484
1485
1484
1484
1485
1484
1484
1484
1484
1484
1484
1484
1484
1484
1484
1484
1485
1485
1484
1484
1485
1484
1484
1484
1484
1484
1485
1484
1485
1484
1484
1485
1484
1484
1485
1485
1484
1485
1484
1484
1485
1485
1485
1484
1485
1485
1484
1485
1484
1485
1484
1485
1484
1485
1485
1485
1485
1485
1485
1485
1485
1484
1485
1485
1485
1484
1484
1484
1484
1484
1485
1485
1484
1484
1484
1484
1484
1484
1484
1485
1484
1484
1484
1484
1484
1485
1484
1484
1483
1484
1484
1484
1485
1484
1484
1485
1484
1484
1484
1484
1483
1484
1483
1484
1484
1484
1484
1482
1484
1484
1484
1483
1482
1483
1483
1484
1483
1483
1483
1483
1483
1482
1482
1482
1482
1482
1482
1481
1481
1482
1481
1481
1481
1480
1481
1481
1480
1481
1480
1481
1481
1481
1480
1481
1481
1481
1480
1480
1480
1480
1480
1481
1481
1480
1480
1481
1480
1481
1481
1480
1480
1480
1481
1480
1481
1480
1480
1480
1481
1480
1481
1480
1480
1480
1480
1480
1480
1480
1480
1480
1480
1480
1480
1480
1480
1480
1480
1480
1480
1480
1480
1480
1480
1480
1481
1480
1481
1481
1481
1480
1481
1481
1481
1480
1480
1481
1481
1481
1481
1482
1481
1481
1481
1481
1481
1481
1481
1480
1481
1481
1481
1480
1481
1481
1481
1480
1480
1480
1480
1481
1480
1480
1480
1480
1481
1480
1480
1480
1480
1481
1480
1480
1480
1480
1480
1480
1480
1480
1480
1480
1480
1480
1480
1480
1480
1480
1480
1480
1480
1480
1480
1480
1480
1480
1480
1480
1480
1480
1480
1480
1480
1479
1479
1479
1479
1479
1479
1478
1477
1478
1477
1476
1476
1475
1475
1475
1475
1475
1474
1474
1474
1473
1472
1474
1471
1471
1470
1470
1470
1470
1470
1469
1469
1469
1469
1468
1468
1468
1468
1468
1467
1468
1469
1468
1468
1469
1468
1468
1469
1468
1468
1468
1468
1468
1469
1469
1469
1469
1469
1469
1469
1469
1469
1469
1469
1470
1469
1469
1469
1469
1469
1469
1469
1468
1469
1469
1469
1468
1469
1469
1469
1469
1469
1468
1468
1468
1467
1468
1467
1468
1469
1469
1467
1468
1469
1467
1469
1469
1469
1468
1468
1469
1468
1469
1469
1468
1468
1468
1469
1469
1469
1469
1468
1469
1469
1469
1468
1469
1469
1469
1469
1469
1469
1469
1469
1469
1469
1470
1469
1469
1469
1470
1470
1470
1470
1469
1469
1470
1470
1470
1470
1470
1470
1470
1470
1470
1470
1470
1470
1470
1470
1470
1470
1471
1470
1470
1470
1470
1471
1471
1472
1471
1472
1471
1470
1472
1473
1472
1472
1472
1473
1471
1472
1472
1472
1472
1472
1471
1471
1472
1472
1472
1472
1471
1471
1471
1472
1471
1472
1472
1472
1471
1471
1471
1471
1471
1471
1470
1470
1471
1470
1470
1470
1470
1470
1470
1470
1470
1470
1470
1470
1470
1470
1470
1470
1470
1470
1470
1470
1470
1470
1470
1470
1470
1470
1470
1470
1470
1470
1470
1470
1470
1471
1471
1471
1472
1471
1473
1472
1472
1473
1473
1473
1472
1473
1472
1473
1472
1473
1474
1473
1474
1473
1473
1473
1474
1474
1474
1474
1474
1474
1474
1474
1474
1474
1475
1474
1474
1474
1474
1474
1474
1474
1474
1474
1473
1474
1474
1473
1474
1473
1474
1474
1474
1474
1474
1473
1473
1473
1473
1473
1473
1473
1472
1473
1473
1473
1472
1472
1471
1471
1470
1470
1471
1470
1470
1470
1470
1469
1470
1470
1470
1469
1469
1470
1470
1469
1470
1469
1470
1469
1470
1470
1470
1470
1470
1470
1470
1470
1470
1470
1469
1470
1470
1471
1470
1470
1470
1471
1471
1470
1472
1471
1470
1471
1471
1472
1472
1472
1472
1472
1473
1473
1474
1473
1473
1472
1474
1473
1473
1474
1474
1474
1473
1473
1473
1474
1474
1474
1475
1474
1474
1474
1474
1474
1474
1474
1474
1475
1474
1475
1475
1475
1475
1475
1474
1474
1474
1474
1474
1475
1474
1474
1474
1472
1473
1472
1471
1470
1470
1470
1470
1469
1469
1468
1468
1467
1465
1466
1465
1465
1465
1465
1465
1464
1464
1464
1463
1462
1462
1460
1460
1460
1460
1460
1460
1460
1459
1458
1459
1457
1458
1457
1456
1456
1457
1457
1456
1455
1455
1455
1455
1455
1455
1455
1455
1455
1455
1455
1455
1455
1456
1455
1455
1456
1456
1456
1456
1456
1456
1456
1456
1456
1456
1456
1455
1455
1455
1455
1455
1455
1455
1455
1455
1455
1455
1455
1455
1455
1455
1455
1455
1455
1454
1455
1454
1455
1454
1453
1453
1452
1452
1452
1450
1450
1450
1449
1449
1449
1449
1446
1447
1446
1446
1446
1445
1445
1445
1445
1445
1445
1445
1445
1445
1445
1445
1445
1445
1445
1445
1445
1445
1446
1446
1446
1445
1446
1446
1447
1448
1449
1448
1449
1449
1449
1450
1450
1450
1450
1450
1450
1450
1450
1450
1451
1451
1451
1451
1452
1452
1451
1451
1450
1450
1450
1449
1447
1445
1445
1444
1442
1443
1440
1441
1440
1440
1440
1440
1439
1439
1438
1437
1436
1435
1435
1435
1435
1435
1434
1434
1434
1434
1434
1433
1434
1433
1433
1433
1433
1431
1430
1430
1430
1430
1429
1429
1429
1429
1429
1429
1428
1428
1429
1429
1430
1430
1429
1430
1430
1430
1430
1430
1430
1431
1432
1431
1432
1432
1434
1434
1434
1434
1434
1435
1435
1435
1435
1435
1436
1437
1437
1437
1438
1439
1439
1440
1440
1439
1440
1440
1440
1440
1441
1441
1440
1440
1441
1441
1442
1442
1442
1442
1442
1442
1443
1444
1444
1444
1444
1445
1445
1445
1445
1445
1445
1445
1445
1445
1445
1445
1447
1446
1447
1447
1448
1448
1449
1448
1448
1449
1448
1449
1450
1449
1450
1450
1450
1449
1450
1450
1450
1450
1450
1451
1452
1453
1454
1454
1454
1454
1455
1454
1455
1455
1455
1455
1455
1456
1457
1456
1457
1458
1458
1458
1459
1459
1460
1460
1460
1460
1460
1460
1460
1460
1461
1461
1461
1462
1463
1463
1464
1463
1464
1464
1464
1465
1465
1465
1465
1465
1465
1465
1466
1466
1466
1468
1466
1467
1468
1468
1469
1470
1469
1469
1469
1469
1470
1470
1470
1470
1470
1470
1470
1471
1471
1472
1471
1472
1473
1472
1473
1473
1474
1474
1474
1475
1475
1475
1475
1475
1475
1475
1475
1475
1476
1476
1476
1476
1476
1477
1478
1478
1479
1479
1479
1480
1480
1480
1480
1480
1480
1480
1480
1480
1480
1480
1481
1480
1481
1482
1482
1482
1483
1483
1484
1484
1484
1484
1484
1485
1485
1485
1485
1485
1485
1485
1486
1485
1486
1486
1486
1486
1487
1487
1487
1487
1489
1488
1488
1488
1489
1489
1489
1489
1490
1490
1489
1489
1490
1490
1490
1490
1490
1490
1490
1490
1490
1491
1490
1490
1491
1491
1490
1491
1492
1491
1492
1491
1493
1493
1493
1493
1494
1494
1495
1494
1494
1495
1495
1495
1495
1495
1495
1495
1495
1496
1496
1496
1496
1497
1496
1497
1498
1498
1496
1498
1498
1499
1499
1500
1499
1500
1500
1500
1500
1501
1501
1501
1501
1502
1503
1503
1504
1504
1504
1504
1504
1505
1505
1505
1505
1505
1506
1505
1505
1505
1505
1506
1506
1506
1506
1506
1506
1507
1507
1507
1507
1507
1508
1507
1509
1509
1509
1509
1508
1509
1509
1509
1509
1509
1510
1509
1509
1510
1509
1509
1510
1510
1510
1509
1509
1510
1509
1510
1509
1510
1509
1510
1510
1510
1510
1510
1509
1510
1510
1510
1510
1511
1511
1511
1511
1512
1512
1512
1512
1512
1513
1514
1513
1514
1514
1513
1514
1514
1514
1514
1514
1515
1514
1515
1514
1514
1514
1515
1514
1515
1515
1514
1515
1515
1515
1514
1514
1515
1514
1514
1513
1514
1513
1514
1513
1513
1513
1513
1514
1513
1514
1513
1514
1514
1514
1514
1515
1514
1514
1514
1514
1514
1514
1514
1515
1513
1514
1515
1514
1514
1514
1514
1514
1514
1515
1514
1515
1515
1515
1515
1515
1515
1515
1515
1515
1515
1515
1514
1515
1515
1515
1515
1515
1514
1515
1515
1514
1514
1514
1513
1513
1513
1511
1510
1511
1510
1510
1510
1510
1509
1510
1509
1508
1507
1505
1505
1505
1504
1503
1500
1500
1499
1497
1495
1495
1494
1492
1490
1491
1490
1490
1489
1489
1488
1488
1486
1485
1485
1485
1485
1484
1483
1481
1480
1480
1480
1479
1479
1477
1478
1476
1475
1475
1475
1475
1476
1475
1475
1475
1475
1474
1473
1472
1472
1472
1471
1470
1470
1470
1470
1470
1468
1468
1468
1468
1467
1468
1467
1466
1467
1466
1465
1465
1465
1465
1464
1465
1465
1465
1465
1465
1465
1466
1465
1465
1464
1464
1463
1463
1462
1463
1463
1463
1464
1464
1465
1465
1465
1464
1465
1465
1465
1465
1465
1466
1467
1468
1467
1469
1469
1469
1470
1470
1470
1470
1472
1472
1472
1474
1474
1474
1475
1475
1475
1475
1475
1475
1478
1479
1479
1479
1479
1480
1480
1480
1480
1480
1480
1480
1480
1480
1480
1480
1480
1480
1480
1480
1479
1478
1477
1476
1475
1475
1475
1475
1475
1475
1475
1475
1475
1474
1475
1474
1474
1474
1474
1474
1474
1475
1475
1475
1475
1475
1476
1477
1476
1477
1478
1478
1479
1478
1480
1480
1479
1480
1480
1480
1482
1482
1483
1484
1484
1484
1485
1485
1485
1485
1486
1486
1487
1488
1489
1489
1489
1489
1490
1490
1490
1491
1493
1492
1493
1493
1494
1494
1494
1495
1495
1494
1495
1495
1495
1495
1495
1495
1495
1496
1495
1497
1496
1495
1496
1497
1497
1497
1497
1496
1497
1497
1497
1497
1496
1496
1497
1496
1496
1496
1497
1498
1497
1498
1498
1497
1499
1499
1499
1499
1499
1499
1500
1500
1500
1500
1500
1502
1501
1502
1503
1504
1504
1505
1504
1505
1505
1505
1505
1505
1506
1508
1508
1509
1509
1510
1510
1510
1510
1511
1511
1512
1513
1513
1514
1514
1515
1515
1515
1515
1515
1515
1516
1517
1516
1517
1517
1518
1519
1520
1520
1520
1520
1520
1520
1520
1520
1520
1521
1521
1521
1522
1522
1523
1522
1523
1524
1524
1523
1524
1525
1524
1525
1525
1525
1525
1525
1525
1525
1526
1525
1526
1525
1526
1527
1527
1528
1528
1528
1529
1529
1529
1529
1529
1529
1530
1530
1530
1530
1530
1530
1530
1531
1531
1531
1532
1533
1533
1534
1534
1535
1534
1534
1535
1535
1535
1535
1535
1536
1535
1536
1536
1536
1538
1537
1539
1539
1539
1539
1540
1539
1539
1540
1539
1540
1540
1540
1540
1540
1540
1540
1541
1540
1540
1541
1541
1542
1542
1542
1543
1543
1543
1544
1544
1545
1545
1544
1545
1545
1545
1545
1545
1545
1545
1545
1545
1546
1545
1545
1545
1547
1547
1548
1547
1547
1548
1549
1547
1549
1549
1550
1550
1549
1550
1550
1550
1550
1550
1550
1550
1550
1550
1551
1551
1551
1552
1551
1552
1553
1554
1554
1554
1554
1554
1554
1554
1554
1555
1555
1555
1555
1555
1554
1555
1555
1555
1555
1555
1555
1555
1555
1555
1556
1555
1556
1556
1556
1556
1557
1557
1557
1558
1559
1558
1557
1558
1557
1558
1557
1558
1557
1557
1558
1557
1557
1558
1558
1558
1558
1559
1559
1558
1559
1558
1559
1558
1559
1559
1559
1560
1559
1559
1559
1559
1559
1559
1559
1559
1560
1559
1559
1559
1559
1559
1559
1559
1560
1560
1560
1559
1559
1560
1560
1560
1560
1560
1560
1560
1561
1560
1560
1561
1562
1562
1563
1563
1563
1564
1564
1564
1564
1565
1565
1565
1565
1565
1565
1565
1565
1566
1566
1567
1566
1566
1566
1567
1568
1568
1569
1569
1569
1569
1569
1570
1569
1570
1569
1569
1570
1570
1569
1570
1570
1570
1570
1570
1570
1570
1570
1570
1570
1570
1569
1569
1570
1569
1569
1569
1569
1570
1569
1569
1569
1569
1570
1569
1570
1569
1569
1570
1569
1569
1570
1569
1570
1568
1567
1565
1565
1564
1565
1564
1563
1564
1564
1563
1561
1562
1562
1561
1561
1561
1560
1561
1561
1561
1561
1561
1561
1561
1561
1561
1560
1561
1561
1561
1561
1562
1561
1561
1562
1563
1563
1563
1563
1564
1564
1564
1564
1565
1564
1565
1565
1565
1565
1565
1565
1565
1566
1565
1565
1565
1565
1565
1565
1565
1565
1565
1565
1564
1564
1563
1563
1562
1563
1562
1561
1561
1560
1560
1560
1559
1557
1556
1555
1555
1555
1554
1554
1553
1553
1552
1550
1551
1551
1551
1550
1550
1550
1550
1550
1550
1550
1549
1549
1549
1549
1549
1548
1549
1549
1548
1547
1548
1549
1548
1549
1549
1549
1550
1549
1550
1550
1550
1550
1549
1549
1550
1550
1550
1549
1550
1550
1550
1550
1550
1550
1550
1550
1550
1550
1550
1550
1550
1551
1550
1550
1550
1551
1551
1551
1552
1552
1553
1554
1555
1555
1555
1555
1555
1555
1555
1555
1556
1556
1556
1556
1557
1558
1558
1559
1560
1559
1559
1559
1560
1559
1560
1559
1560
1560
1559
1560
1559
1559
1559
1559
1559
1559
1559
1559
1559
1559
1559
1559
1559
1558
1560
1559
1559
1559
1559
1560
1560
1559
1560
1559
1559
1560
1559
1560
1559
1559
1559
1559
1559
1559
1559
1559
1559
1559
1559
1559
1559
1559
1559
1559
1560
1559
1559
1559
1559
1559
1559
1560
1559
1559
1559
1559
1559
1559
1558
1558
1559
1558
1558
1559
1559
1558
1559
1559
1559
1559
1559
1558
1559
1559
1560
1559
1560
1559
1559
1559
1560
1559
1560
1560
1560
1560
1560
1559
1560
1559
1559
1560
1559
1560
1559
1559
1559
1559
1559
1558
1557
1556
1555
1555
1555
1554
1554
1553
1552
1552
1551
1550
1551
1550
1550
1550
1550
1549
1549
1549
1549
1549
1548
1548
1547
1547
1546
1546
1547
1546
1545
1545
1545
1545
1546
1546
1546
1546
1546
1546
1547
1547
1547
1546
1547
1548
1547
1550
1548
1548
1549
1549
1548
1549
1549
1549
1549
1549
1549
1548
1549
1548
1549
1548
1549
1549
1549
1549
1549
1549
1548
1549
1549
1549
1549
1549
1549
1550
1550
1550
1550
1550
1549
1550
1549
1550
1549
1550
1550
1550
1550
1550
1549
1549
1549
1549
1549
1548
1548
1548
1548
1547
1547
1548
1547
1548
1547
1547
1548
1548
1548
1549
1549
1549
1550
1549
1549
1550
1549
1550
1550
1550
1550
1550
1550
1551
1551
1553
1551
1553
1553
1554
1554
1554
1555
1555
1554
1555
1555
1555
1555
1555
1555
1556
1556
1556
1557
1557
1557
1558
1558
1558
1558
1559
1559
1560
1559
1559
1560
1560
1560
1559
1560
1560
1560
1560
1560
1559
1559
1560
1559
1560
1560
1560
1560
1559
1560
1559
1560
1560
1560
1560
1560
1560
1560
1560
1560
1560
1560
1560
1560
1560
1560
1561
1560
1560
1560
1561
1561
1560
1560
1561
1561
1560
1561
1561
1561
1561
1562
1562
1562
1563
1562
1562
1564
1563
1564
1564
1563
1564
1564
1564
1564
1564
1565
1564
1564
1564
1565
1565
1564
1565
1565
1565
1565
1565
1565
1565
1565
1565
1565
1564
1565
1565
1565
1565
1565
1565
1565
1565
1565
1565
1565
1566
1566
1566
1567
1567
1567
1568
1568
1568
1568
1569
1568
1569
1568
1569
1569
1569
1569
1569
1569
1570
1569
1569
1570
1570
1569
1570
1569
1569
1570
1569
1570
1569
1570
1569
1570
1570
1570
1570
1570
1570
1570
1570
1570
1570
1570
1570
1570
1570
1570
1570
1570
1570
1570
1571
1571
1572
1571
1571
1571
1571
1571
1572
1573
1573
1572
1573
1573
1573
1573
1573
1573
1574
1573
1573
1573
1573
1574
1574
1574
1574
1574
1573
1572
1573
1573
1572
1572
1572
1572
1571
1572
1571
1572
1570
1570
1571
1570
1570
1571
1571
1571
1570
1571
1570
1570
1571
1570
1570
1570
1570
1570
1570
1570
1568
1568
1567
1567
1566
1567
1566
1565
1565
1565
1564
1564
1564
1563
1562
1562
1562
1560
1561
1561
1560
1560
1560
1560
1560
1560
1560
1560
1560
1560
1560
1559
1560
1559
1559
1560
1559
1560
1560
1560
1559
1560
1560
1560
1559
1560
1560
1560
1560
1560
1559
1560
1560
1560
1560
1560
1560
1561
1561
1561
1561
1560
1562
1560
1561
1562
1561
1562
1564
1562
1562
1564
1564
1564
1564
1564
1565
1564
1564
1565
1565
1565
1565
1565
1565
1565
1565
1565
1565
1565
1565
1565
1566
1566
1566
1567
1566
1566
1565
1567
1568
1568
1568
1567
1567
1567
1567
1568
1568
1567
1568
1568
1569
1568
1569
1568
1568
1568
1568
1569
1568
1568
1569
1567
1568
1567
1568
1569
1568
1568
1568
1568
1569
1569
1569
1568
1568
1567
1566
1566
1566
1565
1566
1565
1565
1565
1566
1565
1565
1565
1565
1565
1565
1565
1566
1565
1565
1566
1565
1565
1567
1566
1567
1567
1567
1566
1566
1567
1567
1568
1568
1567
1568
1568
1568
1569
1568
1569
1569
1569
1568
1569
1569
1569
1570
1569
1570
1570
1570
1570
1570
1570
1570
1570
1570
1570
1570
1570
1570
1570
1570
1570
1570
1571
1570
1570
1570
1570
1570
1570
1570
1570
1570
1570
1570
1570
1570
1570
1570
1570
1570
1570
1570
1570
1570
1570
1570
1570
1570
1569
1570
1570
1569
1569
1570
1569
1569
1569
1569
1570
1569
1569
1569
1569
1570
1569
1569
1569
1570
1570
1570
1570
1569
1569
1569
1569
1569
1569
1569
1569
1569
1569
1569
1569
1569
1569
1569
1569
1569
1569
1569
1570
1569
1569
1569
1570
1569
1570
1569
1569
1570
1569
1570
1570
1570
1570
1570
1570
1570
1570
1570
1570
1570
1570
1570
1570
1570
1570
1570
1570
1570
1570
1570
1570
1570
1570
1570
1570
1570
1571
1571
1570
1571
1571
1571
1571
1571
1571
1571
1571
1571
1571
1570
1571
1572
1572
1572
1572
1572
1572
1572
1572
1572
1573
1573
1573
1573
1574
1574
1573
1574
1574
1574
1574
1574
1574
1574
1574
1574
1574
1575
1574
1575
1574
1575
1575
1575
1575
1575
1575
1575
1575
1575
1575
1575
1575
1575
1575
1575
1575
1575
1575
1575
1575
1575
1575
1575
1575
1575
1575
1575
1575
1575
1575
1574
1574
1574
1575
1575
1575
1575
1575
1575
1575
1575
1575
1575
1575
1575
1575
1575
1574
1575
1575
1575
1575
1575
1575
1575
1575
1575
1575
1575
1575
1575
1575
1575
1575
1575
1575
1574
1575
1575
1575
1575
1574
1575
1575
1575
1575
1575
1574
1575
1574
1574
1574
1575
1574
1574
1574
1574
1575
1574
1575
1574
1574
1574
1574
1573
1574
1574
1574
1574
1574
1573
1574
1574
1575
1574
1575
1574
1575
1574
1574
1575
1574
1574
1574
1574
1575
1574
1574
1574
1575
1575
1574
1574
1574
1574
1573
1573
1573
1573
1574
1573
1574
1572
1573
1573
1572
1574
1572
1573
1572
1572
1572
1570
1571
1571
1571
1570
1571
1570
1570
1570
1571
1570
1570
1570
1570
1570
1570
1570
1569
1570
1570
1569
1569
1569
1570
1569
1569
1569
1569
1569
1569
1569
1569
1568
1569
1569
1569
1569
1569
1569
1569
1569
1569
1568
1568
1568
1569
1568
1568
1568
1569
1568
1568
1569
1568
1569
1568
1568
1569
1568
1569
1569
1568
1569
1569
1569
1569
1569
1570
1570
1569
1569
1569
1570
1569
1569
1569
1570
1570
1570
1570
1570
1570
1570
1570
1570
1570
1569
1570
1570
1570
1570
1569
1569
1569
1570
1570
1569
1569
1569
1570
1569
1570
1570
1569
1569
1570
1569
1568
1570
1569
1568
1569
1569
1569
1568
1569
1568
1569
1569
1568
1569
1569
1569
1567
1568
1568
1569
1569
1569
1569
1569
1568
1568
1568
1569
1568
1569
1567
1569
1568
1568
1568
1567
1568
1566
1568
1568
1567
1568
1566
1567
1568
1567
1568
1567
1568
1566
1568
1568
1567
1568
1568
1567
1568
1568
1567
1567
1568
1567
1567
1568
1569
1568
1569
1568
1568
1569
1568
1569
1569
1569
1569
1568
1569
1569
1568
1568
1569
1569
1569
1568
1568
1568
1568
1568
1567
1567
1567
1567
1567
1566
1566
1566
1567
1567
1566
1566
1566
1566
1566
1567
1567
1565
1566
1566
1567
1566
1565
1566
1565
1566
1566
1565
1566
1565
1565
1565
1566
1565
1565
1565
1565
1566
1565
1565
1565
1565
1565
1565
1565
1565
1565
1565
1565
1565
1565
1565
1565
1565
1565
1565
1565
1565
1565
1565
1565
1565
1565
1565
1565
1565
1565
1565
1565
1565
1565
1565
1565
1565
1565
1565
1565
1565
1565
1565
1565
1565
1565
1565
1565
1565
1565
1565
1565
1565
1565
1565
1565
1565
1565
1565
1565
1565
1565
1565
1565
1565
1565
1565
1565
1565
1565
1565
1565
1565
1565
1565
1565
1565
1565
1565
1565
1565
1565
1565
1565
1565
1565
1565
1565
1565
1565
1565
1565
1565
1565
1566
1565
1566
1566
1566
1566
1565
1566
1565
1565
1565
1565
1567
1566
1565
1565
1565
1565
1565
1565
1565
1565
1565
1565
1565
1565
1565
1565
1565
1565
1565
1565
1565
1565
1565
1565
1565
1565
1565
1565
1565
1565
1565
1565
1564
1564
1565
1564
1564
1564
1564
1563
1561
1561
1561
1561
1560
1560
1560
1560
1560
1560
1559
1558
1558
1558
1556
1557
1555
1555
1554
1554
1555
1554
1554
1554
1553
1552
1551
1552
1552
1550
1551
1550
1550
1550
1549
1550
1549
1549
1549
1546
1547
1546
1545
1546
1545
1545
1545
1544
1543
1542
1541
1540
1540
1540
1540
1540
1540
1539
1539
1538
1538
1537
1537
1536
1535
1536
1535
1535
1535
1535
1535
1535
1535
1535
1535
1534
1534
1535
1534
1534
1535
1535
1534
1535
1534
1535
1535
1535
1534
1534
1535
1535
1534
1534
1534
1534
1534
1534
1534
1534
1535
1535
1535
1535
1535
1535
1535
1535
1535
1535
1535
1535
1535
1535
1535
1535
1535
1536
1535
1535
1535
1536
1535
1536
1536
1536
1536
1537
1536
1536
1537
1537
1537
1537
1537
1537
1537
1537
1537
1538
1538
1539
1538
1538
1538
1538
1538
1538
1537
1538
1538
1538
1538
1538
1538
1538
1538
1538
1539
1538
1539
1538
1538
1538
1538
1537
1538
1538
1537
1537
1537
1538
1538
1537
1538
1539
1538
1538
1538
1537
1536
1537
1538
1537
1538
1537
1537
1537
1538
1537
1538
1538
1539
1539
1539
1538
1538
1539
1538
1539
1539
1538
1538
1538
1538
1537
1538
1537
1536
1537
1537
1537
1537
1537
1536
1537
1536
1536
1537
1536
1536
1536
1537
1536
1537
1536
1536
1537
1537
1537
1537
1538
1538
1538
1537
1537
1537
1537
1537
1537
1537
1537
1537
1537
1536
1535
1537
1536
1536
1537
1536
1537
1536
1536
1536
1536
1536
1536
1536
1536
1536
1537
1536
1536
1536
1535
1536
1535
1535
1535
1535
1536
1535
1535
1535
1535
1535
1535
1536
1535
1536
1536
1537
1536
1536
1536
1537
1535
1536
1536
1535
1536
1537
1536
1535
1536
1537
1535
1537
1536
1536
1536
1535
1535
1535
1535
1535
1535
1535
1535
1535
1535
1535
1535
1534
1535
1535
1535
1535
1535
1535
1535
1535
1535
1534
1535
1535
1535
1535
1535
1535
1535
1535
1535
1535
1535
1535
1535
1536
1535
1535
1535
1535
1535
1535
1535
1535
1535
1535
1535
1535
1535
1535
1535
1535
1535
1535
1535
1535
1535
1535
1535
1535
1535
1535
1535
1535
1535
1535
1535
1535
1535
1534
1535
1535
1534
1534
1534
1534
1533
1533
1533
1532
1532
1531
1531
1531
1530
1530
1531
1530
1530
1530
1530
1530
1530
1530
1530
1530
1530
1530
1530
1530
1530
1529
1530
1529
1529
1529
1530
1529
1530
1530
1530
1529
1529
1529
1529
1529
1530
1530
1530
1529
1530
1530
1529
1530
1530
1530
1530
1529
1530
1530
1530
1530
1530
1530
1530
1530
1530
1530
1530
1530
1530
1530
1531
1531
1530
1531
1531
1531
1531
1532
1532
1532
1532
1531
1531
1533
1532
1532
1533
1532
1533
1532
1532
1532
1532
1533
1533
1532
1533
1533
1532
1532
1532
1533
1533
1533
1533
1532
1532
1532
1532
1531
1531
1532
1532
1531
1530
1531
1531
1531
1531
1530
1530
1530
1530
1531
1530
1530
1531
1530
1530
1530
1530
1530
1531
1530
1530
1530
1530
1530
1530
1530
1530
1530
1529
1529
1529
1529
1529
1528
1528
1526
1527
1526
1526
1525
1525
1525
1525
1525
1525
1524
1524
1523
1522
1521
1521
1521
1521
1521
1520
1520
1520
1520
1520
1520
1520
1520
1519
1519
1520
1519
1519
1519
1518
1518
1518
1518
1518
1518
1518
1517
1517
1517
1517
1517
1518
1517
1517
1517
1516
1516
1516
1516
1516
1516
1516
1515
1516
1516
1515
1516
1516
1516
1515
1516
1515
1515
1516
1516
1516
1516
1516
1516
1517
1517
1517
1517
1517
1516
1518
1517
1518
1518
1519
1517
1518
1518
1518
1519
1518
1518
1517
1517
1516
1516
1515
1515
1515
1514
1514
1513
1512
1511
1511
1511
1511
1511
1510
1510
1510
1509
1508
1508
1507
1506
1505
1505
1505
1505
1504
1504
1503
1503
1503
1502
1502
1501
1501
1502
1502
1501
1501
1501
1500
1501
1501
1500
1501
1501
1502
1502
1502
1502
1502
1502
1503
1503
1502
1503
1503
1504
1504
1504
1504
1504
1504
1505
1505
1505
1504
1505
1505
1505
1505
1505
1505
1505
1505
1505
1505
1506
1506
1505
1506
1506
1505
1505
1505
1505
1506
1506
1505
1505
1505
1505
1505
1505
1505
1505
1505
1505
1505
1505
1505
1505
1505
1505
1505
1505
1505
1505
1506
1506
1506
1506
1507
1506
1506
1506
1508
1508
1508
1508
1509
1509
1509
1510
1509
1509
1509
1510
1510
1510
1510
1510
1510
1510
1510
1511
1511
1511
1512
1511
1512
1512
1513
1514
1513
1513
1513
1514
1515
1515
1514
1515
1515
1515
1515
1515
1515
1515
1516
1515
1516
1516
1517
1516
1516
1516
1516
1517
1517
1516
1517
1516
1518
1517
1516
1518
1517
1517
1518
1517
1518
1518
1519
1518
1519
1519
1519
1519
1519
1518
1519
1519
1519
1519
1519
1520
1520
1520
1520
1519
1520
1520
1519
1520
1520
1520
1520
1520
1520
1520
1520
1520
1520
1520
1520
1520
1520
1520
1520
1520
1520
1520
1520
1520
1520
1521
1520
1520
1521
1520
1522
1522
1522
1523
1523
1523
1523
1524
1524
1524
1524
1524
1525
1525
1524
1525
1525
1525
1525
1525
1525
1525
1525
1525
1525
1525
1525
1525
1525
1526
1526
1525
1525
1526
1525
1527
1526
1526
1526
1526
1527
1527
1528
1527
1527
1528
1528
1529
1528
1529
1529
1529
1529
1529
1529
1529
1530
1529
1529
1529
1529
1529
1529
1530
1529
1529
1530
1530
1530
1529
1529
1530
1529
1529
1529
1529
1529
1529
1530
1530
1529
1529
1529
1530
1529
1529
1529
1530
1530
1530
1530
1530
1530
1530
1530
1530
1529
1530
1530
1530
1530
1530
1530
1530
1530
1530
1530
1530
1530
1530
1530
1530
1530
1531
1530
1530
1531
1531
1530
1531
1531
1532
1531
1531
1530
1530
1530
1530
1530
1530
1530
1530
1530
1530
1530
1530
1530
1530
1530
1530
1530
1530
1530
1530
1530
1529
1529
1528
1529
1529
1529
1529
1528
1527
1528
1528
1527
1527
1526
1527
1527
1528
1527
1528
1527
1527
1527
1529
1527
1529
1529
1529
1529
1530
1529
1529
1529
1529
1530
1529
1530
1530
1530
1530
1530
1530
1530
1530
1530
1530
1530
1530
1530
1530
1530
1530
1530
1530
1530
1530
1530
1530
1531
1530
1530
1530
1531
1531
1531
1531
1531
1530
1531
1531
1530
1531
1532
1532
1533
1533
1533
1532
1532
1533
1533
1533
1533
1533
1533
1532
1533
1533
1534
1534
1534
1534
1533
1534
1534
1534
1534
1534
1535
1535
1535
1535
1535
1535
1535
1535
1535
1536
1536
1536
1536
1537
1538
1537
1537
1537
1537
1538
1538
1539
1539
1540
1539
1539
1539
1539
1540
1539
1539
1540
1540
1540
1540
1540
1540
1540
1540
1540
1540
1540
1540
1539
1539
1540
1540
1540
1540
1539
1539
1539
1539
1539
1539
1538
1538
1537
1537
1537
1537
1537
1537
1536
1537
1536
1535
1535
1535
1534
1534
1534
1534
1534
1534
1533
1532
1531
1531
1531
1532
1530
1530
1530
1530
1530
1530
1530
1530
1530
1530
1529
1530
1529
1530
1530
1530
1530
1529
1529
1530
1530
1530
1530
1530
1531
1531
1531
1531
1533
1533
1532
1532
1534
1533
1533
1533
1534
1535
1535
1535
1534
1534
1535
1535
1536
1536
1535
1536
1536
1536
1537
1537
1538
1538
1538
1538
1538
1538
1539
1538
1539
1539
1540
1539
1540
1539
1539
1540
1540
1539
1540
1539
1538
1537
1537
1536
1536
1536
1535
1536
1535
1535
1535
1535
1535
1535
1535
1534
1535
1535
1534
1535
1535
1535
1534
1535
1535
1535
1535
1535
1535
1535
1535
1535
1535
1535
1535
1536
1535
1535
1537
1537
1536
1537
1538
1538
1538
1539
1539
1539
1539
1540
1539
1540
1540
1540
1540
1540
1540
1540
1541
1541
1542
1542
1542
1543
1545
1544
1545
1545
1545
1545
1545
1545
1545
1545
1545
1545
1546
1546
1546
1546
1546
1547
1548
1546
1547
1548
1549
1549
1549
1549
1549
1549
1550
1549
1549
1550
1550
1551
1550
1550
1550
1550
1550
1550
1551
1552
1551
1552
1552
1551
1553
1552
1553
1552
1554
1553
1553
1553
1554
1554
1554
1554
1555
1554
1554
1555
1555
1555
1555
1555
1555
1555
1555
1555
1555
1556
1557
1557
1558
1558
1558
1559
1559
1559
1559
1559
1560
1560
1560
1560
1560
1560
1561
1560
1562
1561
1561
1562
1562
1561
1562
1563
1563
1563
1564
1564
1565
1564
1565
1564
1565
1565
1565
1565
1565
1565
1565
1565
1565
1567
1566
1567
1568
1567
1568
1567
1567
1568
1568
1569
1569
1569
1568
1568
1569
1569
1569
1570
1569
1570
1570
1569
1570
1570
1569
1570
1570
1570
1570
1570
1570
1570
1570
1570
1570
1570
1570
1571
1571
1570
1570
1570
1570
1571
1571
1571
1571
1570
1571
1572
1571
1573
1572
1573
1572
1573
1573
1573
1573
1574
1573
1574
1574
1574
1574
1574
1573
1574
1573
1575
1574
1574
1574
1573
1572
1572
1571
1570
1571
1570
1570
1570
1569
1569
1567
1567
1566
1565
1565
1565
1565
1564
1563
1563
1562
1562
1561
1560
1560
1560
1560
1560
1559
1559
1559
1559
1559
1558
1557
1556
1555
1556
1555
1555
1555
1555
1555
1555
1555
1555
1554
1555
1554
1554
1554
1553
1552
1553
1553
1551
1550
1550
1550
1550
1550
1550
1549
1549
1549
1549
1549
1549
1549
1549
1549
1549
1549
1549
1549
1550
1549
1550
1550
1550
1550
1550
1550
1550
1550
1550
1550
1551
1551
1552
1552
1552
1553
1553
1554
1554
1554
1554
1554
1555
1554
1555
1555
1555
1555
1556
1555
1555
1556
1555
1556
1558
1557
1556
1557
1557
1558
1559
1559
1559
1559
1559
1559
1559
1560
1559
1559
1560
1560
1560
1560
1560
1560
1560
1560
1560
1560
1560
1562
1561
1561
1561
1560
1561
1561
1560
1560
1560
1560
1560
1560
1560
1560
1559
1560
1560
1559
1559
1559
1559
1559
1558
1558
1558
1558
1557
1558
1558
1558
1559
1558
1558
1558
1559
1558
1559
1559
1559
1559
1559
1560
1559
1560
1560
1560
1560
1560
1560
1560
1561
1560
1561
1562
1562
1563
1563
1564
1564
1564
1564
1564
1565
1565
1565
1565
1565
1565
1565
1565
1565
1565
1565
1565
1565
1565
1565
1566
1566
1565
1566
1566
1567
1568
1567
1568
1567
1567
1568
1568
1568
1568
1568
1568
1568
1568
1569
1569
1569
1569
1569
1569
1569
1569
1569
1569
1570
1570
1569
1570
1570
1570
1570
1570
1570
1570
1570
1570
1570
1570
1570
1570
1570
1570
1570
1571
1572
1572
1572
1572
1573
1573
1574
1574
1575
1574
1575
1575
1575
1575
1576
1575
1576
1575
1575
1577
1576
1578
1577
1578
1578
1579
1578
1578
1579
1580
1579
1579
1580
1580
1580
1580
1580
1580
1580
1579
1580
1580
1580
1580
1580
1580
1580
1580
1580
1580
1580
1580
1580
1581
1581
1580
1581
1580
1581
1580
1582
1582
1584
1583
1583
1582
1583
1582
1584
1584
1583
1584
1584
1584
1584
1584
1584
1584
1584
1584
1584
1584
1584
1584
1585
1584
1585
1584
1584
1584
1584
1585
1585
1585
1585
1584
1585
1585
1585
1585
1584
1585
1585
1585
1585
1585
1584
1584
1584
1584
1584
1584
1583
1582
1582
1582
1581
1581
1580
1580
1580
1580
1580
1580
1580
1579
1579
1579
1578
1578
1578
1577
1579
1579
1577
1578
1578
1578
1577
1578
1578
1578
1578
1577
1578
1579
1579
1580
1579
1578
1579
1579
1579
1579
1580
1580
1580
1580
1580
1580
1580
1580
1580
1580
1580
1580
1580
1580
1581
1581
1581
1582
1582
1581
1582
1582
1582
1582
1582
1583
1582
1582
1583
1583
1583
1583
1582
1583
1583
1584
1584
1584
1584
1585
1585
1585
1585
1585
1585
1585
1585
1586
1586
1586
1586
1587
1586
1586
1585
1585
1585
1585
1585
1584
1584
1583
1583
1581
1580
1581
1580
1580
1580
1579
1578
1577
1576
1575
1575
1575
1575
1574
1574
1573
1573
1572
1573
1572
1571
1570
1571
1571
1571
1570
1572
1571
1571
1571
1570
1571
1571
1570
1570
1570
1570
1570
1570
1570
1570
1569
1569
1569
1569
1569
1569
1569
1569
1569
1569
1569
1568
1568
1568
1567
1568
1568
1568
1568
1568
1569
1569
1568
1568
1567
1569
1567
1568
1568
1568
1569
1568
1568
1567
1568
1567
1567
1568
1567
1568
1567
1567
1567
1568
1568
1568
1568
1568
1568
1569
1568
1569
1569
1568
1569
1569
1569
1569
1568
1567
1567
1566
1567
1566
1566
1566
1565
1565
1565
1565
1565
1565
1564
1565
1564
1564
1564
1563
1563
1564
1563
1563
1562
1562
1561
1562
1561
1561
1561
1561
1560
1560
1561
1561
1561
1562
1561
1562
1562
1562
1562
1561
1562
1563
1563
1563
1564
1564
1564
1564
1564
1564
1564
1564
1565
1564
1565
1565
1565
1565
1565
1565
1565
1565
1566
1566
1566
1567
1567
1568
1568
1569
1569
1569
1569
1569
1569
1570
1570
1570
1570
1570
1570
1570
1570
1570
1571
1570
1571
1571
1572
1572
1573
1573
1573
1574
1573
1574
1574
1574
1575
1575
1575
1575
1575
1575
1575
1575
1577
1577
1577
1578
1576
1578
1578
1579
1578
1579
1579
1579
1580
1580
1580
1580
1580
1580
1579
1580
1580
1580
1579
1580
1580
1580
1580
1580
1580
1580
1579
1580
1580
1580
1580
1580
1580
1580
1580
1580
1580
1580
1580
1580
1580
1580
1580
1580
1580
1580
1580
1580
1581
1582
1580
1580
1582
1582
1581
1580
1580
1581
1581
1581
1582
1583
1583
1584
1584
1584
1584
1584
1584
1585
1585
1584
1585
1585
1585
1585
1585
1585
1585
1585
1585
1585
1585
1585
1585
1585
1585
1586
1586
1587
1587
1587
1587
1588
1588
1588
1588
1588
1589
1589
1589
1589
1589
1590
1589
1590
1590
1590
1590
1590
1590
1590
1590
1590
1590
1590
1590
1590
1590
1590
1590
1590
1591
1590
1590
1590
1590
1590
1590
1590
1590
1590
1590
1590
1590
1590
1591
1590
1590
1590
1590
1591
1591
1590
1590
1590
1591
1590
1590
1590
1590
1590
1590
1590
1591
1591
1590
1590
1590
1591
1591
1591
1592
1591
1593
1592
1593
1593
1594
1593
1593
1594
1593
1595
1594
1594
1594
1595
1594
1594
1595
1595
1594
1595
1595
1594
1595
1595
1595
1595
1595
1595
1595
1595
1595
1595
1595
1595
1596
1595
1596
1596
1596
1595
1596
1596
1596
1596
1596
1595
1596
1596
1596
1595
1596
1595
1595
1596
1596
1595
1595
1595
1596
1595
1595
1595
1595
1595
1595
1595
1595
1595
1595
1595
1595
1595
1595
1595
1595
1595
1595
1595
1594
1595
1594
1595
1595
1595
1595
1595
1595
1595
1595
1595
1595
1595
1595
1595
1595
1595
1595
1595
1595
1595
1595
1596
1596
1596
1596
1597
1597
1596
1597
1597
1597
1598
1597
1598
1597
1598
1599
1598
1600
1599
1599
1599
1598
1599
1599
1600
1600
1599
1599
1600
1599
1600
1599
1599
1600
1600
1600
1600
1600
1599
1600
1599
1600
1600
1600
1599
1599
1599
1599
1599
1600
1599
1599
1599
1599
1598
1599
1599
1599
1598
1598
1599
1599
1599
1598
1598
1598
1598
1598
1598
1598
1598
1598
1598
1599
1598
1599
1599
1599
1599
1599
1598
1598
1599
1599
1599
1599
1598
1599
1599
1599
1599
1600
1599
1599
1599
1599
1599
1599
1599
1600
1600
1600
1599
1600
1600
1600
1600
1600
1600
1600
1600
1599
1599
1600
1600
1600
1599
1600
1600
1599
1600
1600
1600
1600
1599
1599
1600
1600
1600
1600
1600
1599
1600
1600
1600
1600
1600
1600
1600
1600
1600
1600
1599
1600
1600
1599
1599
1599
1599
1599
1600
1599
1600
1599
1600
1599
1599
1600
1599
1599
1599
1599
1599
1599
1598
1598
1600
1599
1599
1599
1600
1599
1599
1599
1599
1598
1599
1599
1599
1598
1599
1599
1599
1599
1598
1599
1599
1599
1599
1599
1599
1599
1600
1599
1599
1599
1599
1599
1599
1600
1599
1600
1600
1599
1599
1600
1600
1599
1599
1599
1599
1599
1599
1599
1598
1598
1599
1599
1598
1599
1599
1599
1598
1599
1600
1599
1599
1598
1598
1599
1598
1599
1598
1599
1599
1598
1598
1598
1597
1598
1598
1597
1597
1598
1597
1596
1597
1597
1597
1597
1596
1596
1596
1596
1596
1597
1596
1595
1596
1596
1597
1597
1596
1596
1596
1595
1596
1596
1596
1595
1595
1595
1595
1595
1596
1595
1595
1596
1596
1596
1595
1596
1596
1595
1596
1596
1596
1595
1596
1597
1597
1596
1596
1596
1596
1597
1596
1597
1597
1597
1599
1597
1597
1597
1597
1597
1597
1597
1596
1597
1597
1597
1595
1596
1596
1596
1597
1596
1596
1596
1596
1596
1596
1597
1596
1597
1596
1596
1596
1595
1596
1596
1596
1596
1596
1595
1595
1596
1595
1595
1596
1596
1597
1595
1595
1595
1595
1595
1595
1595
1595
1594
1595
1595
1594
1594
1594
1593
1593
1592
1591
1591
1591
1591
1590
1590
1590
1590
1590
1590
1590
1589
1590
1590
1590
1590
1590
1590
1590
1590
1589
1589
1590
1589
1589
1589
1589
1590
1590
1590
1589
1589
1589
1588
1588
1588
1588
1589
1588
1588
1587
1587
1587
1586
1586
1585
1586
1586
1585
1585
1585
1585
1585
1585
1585
1585
1585
1585
1585
1585
1585
1585
1584
1585
1584
1584
1584
1584
1584
1583
1583
1583
1583
1583
1583
1582
1581
1582
1583
1582
1581
1582
1581
1582
1582
1581
1581
1582
1582
1583
1582
1582
1581
1582
1582
1582
1581
1582
1582
1581
1581
1581
1581
1581
1581
1582
1582
1582
1582
1581
1582
1582
1583
1583
1583
1582
1583
1582
1583
1583
1583
1582
1583
1584
1584
1584
1584
1584
1584
1582
1583
1582
1584
1582
1582
1582
1582
1583
1582
1582
1582
1581
1581
1581
1581
1581
1581
1581
1581
1581
1580
1581
1580
1580
1580
1580
1580
1580
1580
1580
1580
1580
1580
1580
1579
1580
1579
1579
1579
1579
1579
1579
1580
1580
1579
1580
1579
1580
1580
1580
1580
1580
1580
1580
1580
1580
1580
1580
1580
1580
1580
1580
1580
1580
1580
1580
1580
1580
1580
1581
1581
1581
1581
1581
1581
1582
1583
1583
1583
1583
1584
1583
1583
1584
1584
1583
1583
1584
1584
1583
1584
1584
1584
1585
1584
1584
1584
1584
1584
1584
1584
1584
1584
1584
1583
1584
1585
1584
1584
1584
1585
1584
1585
1584
1585
1585
1585
1584
1584
1585
1585
1585
1585
1585
1585
1585
1585
1585
1585
1584
1584
1585
1585
1585
1584
1585
1585
1584
1585
1584
1585
1584
1584
1584
1584
1583
1584
1583
1583
1583
1584
1582
1581
1581
1580
1581
1580
1580
1580
1580
1580
1580
1580
1580
1580
1579
1580
1579
1579
1578
1578
1578
1578
1579
1578
1578
1579
1577
1578
1578
1577
1576
1578
1577
1578
1577
1578
1577
1577
1577
1577
1576
1577
1577
1576
1577
1577
1576
1576
1577
1577
1575
1576
1576
1576
1576
1577
1576
1576
1576
1577
1576
1576
1576
1576
1576
1575
1576
1576
1575
1575
1575
1575
1575
1575
1575
1575
1574
1574
1574
1575
1574
1573
1574
1575
1574
1573
1572
1573
1573
1571
1571
1571
1571
1572
1571
1571
1570
1571
1572
1571
1571
1571
1571
1571
1571
1570
1570
1570
1570
1571
1570
1571
1570
1570
1570
1570
1571
1570
1570
1570
1570
1570
1570
1570
1570
1570
1570
1570
1570
1570
1570
1570
1570
1570
1570
1570
1569
1570
1570
1570
1570
1570
1570
1570
1570
1570
1570
1570
1570
1570
1570
1570
1570
1570
1569
1570
1570
1570
1570
1570
1570
1569
1570
1569
1570
1569
1570
1570
1569
1569
1569
1569
1569
1569
1569
1569
1569
1569
1568
1569
1568
1567
1567
1567
1567
1566
1567
1567
1566
1567
1566
1567
1566
1566
1566
1567
1566
1567
1566
1567
1567
1566
1567
1566
1565
1567
1566
1567
1567
1566
1567
1567
1567
1568
1568
1567
1567
1567
1568
1567
1568
1568
1567
1568
1568
1568
1568
1568
1567
1567
1567
1568
1567
1568
1567
1567
1566
1566
1567
1567
1567
1566
1566
1566
1567
1566
1566
1566
1566
1565
1566
1566
1565
1565
1565
1565
1565
1565
1565
1565
1565
1565
1565
1565
1565
1565
1565
1565
1564
1565
1565
1565
1565
1565
1565
1565
1565
1565
1565
1565
1565
1565
1565
1565
1565
1565
1565
1565
1565
1565
1565
1565
1565
1565
1564
1564
1564
1564
1564
1564
1564
1564
1563
1563
1562
1561
1561
1562
1560
1560
1560
1560
1559
1560
1560
1560
1558
1559
1559
1559
1558
1558
1557
1556
1556
1555
1557
1555
1555
1555
1555
1555
1555
1555
1555
1555
1555
1555
1555
1555
1555
1555
1555
1555
1555
1554
1554
1555
1554
1555
1554
1554
1554
1554
1554
1555
1554
1554
1554
1554
1553
1554
1554
1553
1554
1554
1553
1553
1553
1552
1553
1552
1552
1552
1551
1552
1551
1552
1552
1552
1552
1551
1550
1550
1551
1551
1550
1551
1550
1550
1550
1550
1551
1550
1550
1550
1550
1550
1550
1549
1550
1549
1549
1549
1549
1548
1548
1548
1547
1546
1547
1546
1545
1545
1545
1544
1544
1544
1544
1542
1542
1541
1540
1540
1540
1540
1539
1538
1539
1537
1537
1536
1535
1535
1535
1534
1535
1534
1534
1533
1533
1532
1533
1532
1531
1530
1530
1531
1530
1530
1530
1530
1530
1530
1530
1530
1530
1530
1530
1530
1530
1530
1531
1530
1530
1531
1532
1531
1531
1532
1531
1531
1532
1532
1533
1533
1533
1534
1533
1532
1533
1532
1533
1533
1533
1534
1533
1534
1534
1534
1534
1534
1534
1534
1535
1534
1535
1535
1535
1535
1535
1535
1535
1535
1535
1534
1535
1535
1534
1535
1535
1535
1534
1534
1534
1534
1535
1534
1534
1533
1534
1533
1534
1533
1533
1533
1534
1534
1533
1532
1534
1533
1533
1532
1532
1532
1532
1532
1532
1532
1532
1532
1532
1533
1531
1532
1532
1531
1531
1531
1532
1532
1531
1531
1531
1531
1531
1530
1530
1531
1530
1530
1530
1530
1530
1530
1530
1530
1530
1530
1530
1530
1530
1530
1530
1530
1529
1530
1530
1530
1530
1529
1529
1530
1530
1530
1530
1530
1529
1529
1530
1530
1530
1530
1530
1530
1530
1529
1530
1530
1530
1530
1530
1529
1530
1530
1530
1530
1529
1529
1529
1530
1530
1529
1529
1530
1529
1529
1529
1530
1530
1530
1530
1530
1529
1530
1530
1530
1530
1531
1530
1531
1530
1531
1532
1533
1531
1532
1533
1533
1533
1533
1533
1534
1534
1534
1534
1534
1534
1534
1534
1535
1534
1535
1535
1535
1534
1535
1535
1535
1535
1534
1535
1535
1535
1535
1535
1535
1535
1535
1535
1535
1535
1535
1536
1536
1536
1536
1536
1535
1537
1536
1537
1537
1537
1538
1538
1539
1539
1538
1538
1539
1538
1539
1539
1539
1539
1540
1540
1540
1540
1540
1540
1540
1540
1540
1540
1540
1541
1540
1541
1541
1540
1541
1541
1541
1542
1543
1542
1542
1543
1543
1543
1543
1543
1542
1543
1543
1544
1544
1543
1543
1542
1543
1542
1541
1542
1542
1542
1542
1542
1541
1540
1541
1541
1541
1541
1540
1541
1541
1541
1541
1541
1541
1540
1541
1542
1541
1542
1541
1542
1542
1542
1543
1543
1542
1542
1542
1543
1543
1543
1542
1543
1543
1542
1543
1543
1543
1544
1544
1544
1544
1544
1544
1544
1544
1544
1544
1544
1545
1545
1544
1545
1545
1544
1544
1544
1545
1545
1545
1544
1544
1544
1544
1545
1544
1544
1544
1545
1544
1544
1544
1544
1544
1542
1540
1540
1540
1540
1540
1540
1540
1540
1539
1539
1539
1539
1540
1540
1540
1539
1540
1540
1540
1540
1540
1540
1540
1540
1540
1540
1540
1540
1540
1539
1540
1540
1539
1539
1539
1540
1540
1540
1540
1540
1540
1540
1540
1540
1540
1539
1540
1540
1540
1540
1540
1540
1540
1540
1540
1540
1542
1541
1540
1540
1540
1542
1541
1542
1541
1542
1541
1542
1542
1543
1542
1543
1543
1544
1544
1543
1543
1544
1544
1544
1544
1545
1544
1544
1545
1544
1544
1544
1544
1544
1545
1544
1544
1544
1545
1544
1545
1545
1545
1545
1545
1545
1545
1545
1545
1545
1545
1545
1545
1545
1545
1545
1545
1545
1545
1546
1545
1545
1545
1545
1545
1545
1545
1545
1546
1545
1546
1545
1546
1546
1547
1545
1546
1547
1547
1548
1547
1547
1548
1548
1549
1548
1548
1549
1549
1549
1549
1549
1549
1550
1549
1549
1550
1550
1549
1550
1550
1550
1550
1550
1550
1550
1550
1550
1550
1550
1551
1550
1551
1551
1552
1552
1551
1552
1552
1552
1552
1552
1553
1553
1552
1552
1553
1553
1553
1553
1552
1553
1554
1552
1553
1553
1552
1552
1553
1553
1553
1554
1552
1554
1554
1554
1554
1553
1554
1554
1554
1554
1554
1554
1554
1554
1555
1555
1555
1555
1554
1555
1555
1555
1555
1555
1555
1555
1555
1555
1555
1555
1555
1555
1555
1555
1555
1555
1555
1555
1555
1555
1555
1555
1555
1555
1555
1555
1555
1555
1555
1555
1555
1555
1555
1555
1555
1555
1555
1555
1555
1555
1555
1555
1555
1555
1555
1555
1555
1555
1555
1555
1555
1555
1555
1555
1555
1555
1555
1555
1554
1555
1555
1555
1555
1555
1555
1555
1555
1555
1555
1555
1555
1556
1556
1556
1556
1556
1557
1557
1557
1557
1558
1557
1558
1558
1557
1559
1559
1558
1559
1559
1559
1559
1559
1559
1559
1559
1558
1559
1559
1559
1559
1559
1560
1559
1559
1560
1559
1559
1559
1559
1559
1559
1560
1559
1559
1559
1559
1560
1560
1559
1560
1560
1559
1560
1560
1560
1560
1560
1560
1560
1560
1560
1561
1560
1560
1560
1561
1561
1560
1561
1562
1561
1563
1561
1562
1562
1562
1564
1563
1564
1564
1564
1563
1564
1564
1564
1565
1564
1564
1564
1565
1565
1565
1565
1565
1565
1565
1565
1565
1565
1565
1565
1565
1565
1565
1565
1566
1565
1566
1565
1567
1566
1566
1566
1566
1567
1567
1567
1567
1568
1569
1569
1567
1568
1568
1568
1568
1569
1568
1569
1569
1569
1569
1569
1569
1569
1569
1569
1569
1568
1569
1569
1570
1570
1570
1570
1570
1570
1570
1570
1570
1570
1570
1570
1570
1570
1570
1570
1570
1570
1570
1570
1570
1570
1570
1570
1570
1570
1570
1570
1572
1571
1573
1572
1572
1574
1573
1574
1574
1575
1574
1575
1575
1575
1574
1575
1575
1575
1575
1575
1575
1575
1575
1575
1575
1575
1576
1576
1577
1576
1576
1578
1577
1578
1577
1578
1577
1577
1578
1577
1578
1577
1577
1576
1576
1575
1576
1576
1575
1575
1575
1576
1575
1575
1575
1575
1576
1576
1575
1575
1575
1575
1575
1575
1575
1575
1575
1575
1575
1575
1575
1575
1575
1575
1575
1576
1576
1575
1576
1577
1576
1576
1578
1578
1577
1578
1578
1579
1579
1578
1579
1579
1579
1579
1579
1579
1579
1580
1580
1580
1580
1580
1580
1580
1580
1580
1580
1580
1580
1580
1580
1580
1580
1581
1581
1582
1581
1581
1582
1582
1582
1582
1583
1583
1583
1583
1583
1584
1584
1584
1584
1584
1584
1584
1584
1584
1584
1585
1584
1585
1585
1584
1584
1584
1585
1584
1585
1585
1584
1585
1585
1585
1585
1585
1585
1585
1585
1585
1585
1585
1585
1585
1585
1585
1585
1585
1585
1586
1586
1586
1586
1586
1587
1588
1587
1588
1588
1587
1587
1587
1587
1587
1588
1588
1588
1589
1588
1588
1588
1588
1588
1589
1589
1589
1588
1590
1590
1589
1590
1590
1590
1590
1590
1590
1590
1590
1590
1591
1591
1590
1591
1591
1592
1593
1592
1592
1592
1594
1592
1593
1594
1594
1593
1594
1594
1594
1594
1595
1594
1594
1594
1594
1594
1594
1594
1593
1594
1593
1593
1593
1593
1593
1593
1593
1593
1593
1593
1592
1593
1593
1593
1594
1592
1592
1593
1593
1593
1593
1594
1594
1594
1594
1594
1594
1594
1594
1594
1594
1595
1595
1595
1595
1595
1595
1595
1595
1595
1595
1595
1595
1595
1595
1595
1595
1595
1595
1595
1595
1595
1596
1595
1597
1595
1595
1595
1595
1596
1595
1596
1595
1596
1595
1595
1595
1595
1595
1595
1595
1595
1595
1595
1595
1596
1595
1595
1596
1596
1596
1596
1595
1596
1596
1596
1595
1595
1596
1595
1595
1596
1596
1597
1596
1596
1595
1597
1596
1597
1595
1597
1596
1595
1596
1597
1596
1595
1597
1596
1597
1597
1598
1597
1598
1597
1598
1598
1598
1599
1599
1599
1599
1599
1600
1599
1599
1600
1600
1599
1600
1599
1599
1600
1599
1599
1599
1599
1599
1600
1599
1600
1600
1600
1600
1600
1600
1600
1600
1600
1600
1600
1601
1600
1600
1600
1602
1602
1601
1601
1602
1602
1602
1602
1602
1602
1601
1602
1602
1603
1602
1602
1603
1603
1602
1603
1604
1604
1604
1604
1603
1604
1603
1604
1604
1603
1603
1603
1602
1603
1602
1602
1602
1602
1602
1603
1602
1602
1602
1602
1602
1602
1602
1601
1601
1601
1600
1602
1601
1601
1601
1600
1601
1600
1601
1600
1601
1601
1601
1601
1602
1602
1602
1603
1602
1602
1601
1602
1603
1603
1603
1603
1604
1604
1604
1603
1604
1604
1604
1604
1605
1605
1604
1604
1604
1604
1605
1604
1605
1604
1605
1605
1604
1605
1604
1604
1604
1605
1604
1605
1604
1604
1604
1604
1605
1604
1604
1604
1603
1604
1604
1604
1604
1604
1604
1604
1604
1605
1605
1605
1605
1605
1605
1605
1605
1605
1605
1605
1605
1605
1605
1605
1605
1605
1605
1605
1605
1605
1605
1605
1605
1605
1605
1605
1605
1605
1605
1605
1605
1605
1606
1605
1606
1606
1606
1606
1605
1605
1606
1606
1605
1605
1606
1605
1605
1606
1606
1606
1606
1606
1605
1607
1607
1607
1607
1607
1608
1607
1608
1608
1608
1607
1607
1609
1608
1608
1609
1609
1608
1608
1608
1609
1608
1609
1609
1609
1609
1609
1609
1609
1608
1609
1609
1610
1609
1609
1610
1610
1609
1609
1610
1609
1610
1609
1610
1610
1610
1610
1610
1610
1610
1610
1610
1610
1610
1610
1610
1610
1610
1610
1610
1610
1610
1610
1610
1611
1610
1610
1610
1610
1610
1611
1610
1611
1610
1610
1610
1610
1611
1610
1611
1610
1610
1611
1611
1611
1611
1610
1610
1611
1610
1612
1611
1611
1611
1610
1611
1612
1611
1611
1612
1611
1611
1611
1612
1612
1613
1612
1611
1612
1612
1612
1613
1613
1612
1612
1612
1613
1612
1612
1612
1612
1612
1612
1613
1613
1613
1613
1613
1613
1613
1613
1613
1614
1613
1614
1614
1613
1613
1613
1613
1614
1613
1614
1613
1614
1614
1612
1614
1614
1613
1614
1613
1613
1614
1613
1613
1614
1613
1614
1613
1614
1614
1614
1614
1614
1614
1614
1614
1614
1614
1614
1615
1615
1614
1615
1615
1615
1615
1615
1615
1615
1615
1615
1615
1615
1615
1615
1615
1615
1615
1615
1615
1615
1615
1615
1615
1615
1615
1616
1615
1615
1616
1616
1615
1616
1616
1617
1616
1617
1617
1616
1617
1617
1617
1618
1617
1619
1618
1618
1619
1618
1618
1618
1618
1619
1619
1618
1618
1619
1618
1618
1618
1618
1618
1617
1617
1616
1616
1615
1615
1615
1615
1615
1615
1615
1615
1615
1614
1614
1613
1613
1613
1613
1613
1611
1611
1611
1611
1611
1610
1611
1610
1610
1610
1610
1610
1610
1610
1610
1610
1610
1610
1610
1610
1610
1610
1610
1610
1610
1610
1610
1609
1610
1610
1610
1610
1610
1610
1610
1610
1610
1610
1609
1610
1609
1610
1609
1610
1609
1609
1610
1609
1610
1610
1610
1609
1610
1610
1610
1610
1609
1610
1610
1609
1609
1610
1610
1609
1610
1610
1610
1610
1610
1609
1610
1610
1609
1610
1609
1610
1610
1609
1610
1609
1609
1609
1609
1609
1609
1609
1609
1609
1609
1608
1609
1608
1609
1609
1609
1609
1609
1608
1609
1608
1608
1609
1608
1606
1607
1608
1607
1607
1606
1608
1607
1607
1606
1606
1608
1607
1606
1607
1607
1607
1606
1607
1607
1607
1606
1606
1606
1607
1607
1607
1607
1606
1606
1607
1607
1607
1606
1607
1607
1606
1608
1607
1607
1606
1606
1605
1605
1605
1606
1606
1605
1605
1605
1605
1605
1605
1604
1605
1605
1605
1604
1604
1604
1603
1604
1603
1603
1603
1602
1601
1602
1601
1601
1602
1601
1600
1600
1600
1600
1600
1600
1600
1601
1600
1600
1600
1600
1600
1600
