file
-
1939
1940
1939
1939
1940
1940
1940
1940
1940
1940
1940
1940
1940
1940
1940
1940
1940
1940
1940
1940
1940
1942
1943
1941
1941
1943
1942
1940
1942
1942
1941
1943
1942
1941
1941
1941
1941
1940
1941
1941
1940
1941
1942
1941
1941
1942
1942
1940
1941
1941
1942
1945
1944
1942
1943
1943
1943
1943
1942
1943
1943
1941
1944
1946
1946
1945
1943
1944
1947
1945
1943
1946
1948
1946
1945
1946
1946
1947
1948
1948
1948
1948
1948
1949
1950
1948
1946
1948
1948
1946
1947
1947
1947
1948
1949
1949
1948
1949
1949
1949
1948
1948
1950
1949
1949
1950
1950
1950
1950
1950
1950
1950
1950
1949
1949
1950
1950
1950
1950
1950
1950
1950
1950
1950
1950
1950
1950
1950
1950
1950
1950
1950
1950
1950
1950
1950
1950
1950
1950
1950
1950
1951
1951
1950
1950
1950
1950
1950
1950
1950
1950
1950
1950
1950
1950
1950
1950
1950
1950
1950
1950
1950
1950
1950
1950
1950
1950
1950
1951
1951
1950
1950
1950
1950
1950
1951
1951
1950
1950
1950
1950
1950
1950
1950
1950
1950
1950
1950
1950
1950
1950
1950
1950
1950
1950
1951
1953
1952
1950
1950
1950
1950
1950
1950
1950
1950
1950
1950
1952
1952
1950
1950
1950
1950
1950
1950
1952
1951
1951
1951
1950
1950
1950
1950
1950
1951
1952
1951
1950
1950
1952
1953
1951
1952
1953
1953
1952
1950
1951
1953
1953
1952
1952
1952
1952
1953
1952
1951
1952
1952
1951
1953
1952
1951
1953
1952
1952
1953
1951
1952
1952
1951
1953
1954
1952
1953
1954
1951
1951
1952
1954
1954
1952
1950
1954
1954
1951
1954
1953
1953
1954
1953
1954
1953
1951
1950
1951
1951
1953
1954
1953
1952
1953
1955
1953
1951
1952
1951
1952
1956
1956
1953
1953
1953
1953
1953
1952
1954
1958
1955
1951
1955
1957
1956
1955
1953
1953
1956
1954
1952
1953
1953
1953
1953
1954
1953
1953
1957
1957
1954
1956
1958
1959
1959
1956
1956
1955
1955
1956
1956
1957
1955
1953
1955
1957
1958
1957
1955
1956
1958
1958
1959
1957
1955
1955
1957
1959
1956
1956
1959
1959
1958
1959
1959
1960
1960
1959
1959
1959
1959
1960
1960
1957
1955
1958
1960
1960
1960
1959
1958
1959
1958
1958
1959
1959
1960
1960
1960
1960
1961
1960
1960
1960
1960
1960
1960
1960
1960
1960
1960
1960
1960
1960
1960
1960
1960
1960
1960
1960
1960
1960
1960
1960
1960
1960
1960
1960
1960
1960
1960
1960
1960
1960
1960
1960
1960
1960
1960
1960
1960
1960
1960
1960
1960
1960
1961
1961
1961
1961
1961
1961
1960
1960
1960
1962
1962
1961
1960
1960
1960
1962
1963
1961
1960
1961
1962
1962
1962
1961
1960
1962
1965
1963
1960
1963
1964
1962
1961
1962
1962
1963
1962
1962
1963
1964
1967
1967
1964
1964
1964
1965
1966
1965
1966
1967
1966
1965
1965
1966
1967
1967
1967
1967
1966
1968
1970
1969
1969
1969
1969
1970
1969
1969
1972
1972
1970
1968
1968
1970
1970
1969
1969
1970
1970
1970
1970
1970
1970
1970
1970
1970
1969
1969
1970
1970
1970
1970
1970
1970
1970
1970
1970
1971
1971
1971
1971
1970
1970
1970
1970
1970
1970
1970
1970
1972
1972
1970
1970
1971
1973
1973
1972
1971
1971
1972
1971
1970
1970
1972
1972
1971
1972
1971
1970
1971
1973
1973
1971
1971
1970
1970
1970
1970
1970
1972
1974
1972
1971
1972
1971
1971
1972
1971
1970
1971
1971
1971
1973
1973
1973
1972
1972
1974
1974
1973
1973
1973
1974
1973
1972
1972
1975
1976
1973
1973
1976
1978
1976
1975
1975
1972
1975
1978
1978
1977
1977
1978
1978
1979
1980
1980
1980
1979
1979
1980
1980
1980
1980
1980
1981
1982
1981
1981
1982
1982
1982
1983
1983
1982
1982
1983
1983
1982
1981
1983
1985
1985
1987
1986
1984
1985
1987
1987
1988
1990
1989
1988
1988
1988
1989
1990
1990
1990
1989
1989
1990
1990
1990
1990
1990
1990
1990
1990
1990
1990
1991
1991
1990
1990
1991
1991
1990
1990
1990
1990
1991
1992
1992
1992
1992
1993
1992
1993
1994
1993
1994
1994
1995
1997
1997
1996
1997
1996
1995
1997
1999
1996
1997
1999
1998
1999
2000
2000
1999
1999
2000
2000
2000
2000
2000
2000
2000
2001
2001
2000
2001
2001
2000
2000
2000
2000
2002
2002
2001
2002
2004
2005
2005
2003
2004
2007
2006
2003
2005
2009
2009
2008
2009
2008
2008
2010
2009
2009
2009
2009
2010
2010
2009
2009
2010
2010
2010
2010
2010
2010
2010
2010
2011
2012
2012
2011
2011
2013
2013
2015
2014
2012
2012
2014
2016
2016
2016
2016
2018
2019
2019
2019
2019
2019
2018
2019
2020
2019
2019
2019
2019
2020
2020
2021
2021
2021
2021
2021
2022
2024
2023
2021
2026
2028
2027
2028
2027
2027
2026
2027
2028
2028
2029
2030
2030
2030
2029
2029
2030
2030
2030
2030
2030
2032
2032
2032
2033
2031
2033
2033
2032
2034
2035
2034
2035
2037
2036
2037
2040
2040
2040
2040
2040
2040
2040
2040
2040
2040
2040
2040
2040
2040
2040
2041
2041
2041
2041
2042
2042
2043
2045
2044
2044
2045
2047
2047
2046
2048
2050
2049
2047
2047
2048
2049
2049
2049
2050
2049
2049
2050
2050
2050
2050
2051
2051
2051
2051
2053
2054
2052
2052
2054
2055
2056
2055
2056
2059
2060
2060
2060
2060
2059
2059
2060
2060
2060
2061
2061
2061
2063
2063
2063
2063
2061
2064
2067
2067
2068
2070
2069
2069
2070
2070
2070
2070
2070
2070
2070
2070
2070
2071
2071
2071
2073
2074
2074
2074
2074
2072
2071
2074
2076
2076
2075
2077
2077
2076
2078
2079
2079
2079
2080
2080
2080
2080
2080
2080
2081
2081
2080
2081
2080
2081
2082
2082
2082
2083
2085
2086
2087
2087
2087
2088
2084
2086
2089
2088
2089
2089
2089
2090
2090
2090
2090
2090
2092
2092
2091
2092
2092
2093
2093
2092
2094
2096
2098
2099
2099
2099
2099
2100
2100
2100
2101
2101
2101
2100
2100
2101
2101
2104
2105
2104
2106
2107
2109
2109
2109
2110
2110
2110
2110
2109
2109
2111
2111
2111
2110
2110
2111
2111
2110
2113
2115
2115
2117
2118
2119
2119
2120
2120
2120
2120
2121
2120
2120
2120
2120
2120
2120
2122
2123
2121
2121
2122
2123
2123
2123
2125
2127
2127
2128
2128
2128
2128
2128
2129
2130
2130
2130
2130
2130
2130
2130
2131
2132
2132
2133
2134
2136
2138
2139
2139
2139
2140
2140
2140
2140
2142
2142
2141
2142
2141
2141
2143
2144
2144
2146
2149
2150
2150
2150
2150
2150
2150
2150
2150
2150
2152
2151
2152
2154
2156
2157
2157
2158
2159
2160
2160
2160
2160
2160
2161
2161
2163
2166
2165
2165
2167
2168
2167
2169
2170
2170
2170
2170
2170
2170
2170
2171
2172
2173
2172
2171
2172
2174
2176
2174
2173
2176
2179
2180
2180
2180
2180
2180
2180
2180
2180
2180
2180
2180
2182
2183
2184
2186
2187
2188
2190
2190
2190
2190
2190
2190
2190
2190
2191
2193
2192
2192
2195
2196
2197
2198
2199
2200
2200
2200
2200
2200
2200
2200
2201
2203
2206
2207
2208
2208
2207
2208
2208
2209
2210
2210
2210
2210
2210
2210
2211
2213
2215
2215
2214
2216
2216
2216
2219
2220
2220
2220
2220
2220
2220
2220
2220
2221
2222
2223
2226
2226
2227
2229
2229
2230
2230
2230
2230
2230
2230
2229
2229
2230
2230
2232
2233
2232
2233
2235
2234
2235
2237
2239
2239
2238
2239
2240
2239
2239
2240
2240
2240
2240
2240
2240
2240
2241
2242
2242
2247
2249
2247
2247
2248
2249
2250
2250
2250
2250
2250
2250
2250
2250
2250
2251
2252
2255
2256
2255
2257
2258
2259
2259
2259
2260
2260
2260
2260
2260
2260
2261
2263
2264
2264
2265
2268
2270
2270
2270
2270
2269
2269
2270
2270
2270
2272
2274
2273
2271
2271
2273
2274
2275
2277
2277
2278
2280
2280
2280
2280
2280
2281
2281
2280
2281
2281
2280
2281
2284
2285
2284
2285
2286
2286
2287
2289
2290
2290
2290
2290
2290
2290
2290
2291
2291
2293
2296
2297
2296
2297
2299
2299
2300
2300
2300
2300
2300
2302
2304
2305
2304
2305
2307
2308
2308
2308
2310
2310
2310
2311
2311
2310
2311
2314
2315
2314
2317
2319
2320
2320
2320
2320
2320
2320
2320
2320
2320
2321
2322
2321
2321
2324
2327
2326
2326
2329
2329
2329
2329
2329
2330
2330
2330
2330
2331
2333
2333
2332
2333
2334
2332
2334
2337
2335
2336
2339
2340
2340
2340
2340
2340
2340
2340
2340
2340
2341
2343
2343
2344
2343
2342
2344
2345
2345
2343
2344
2348
2349
2349
2350
2350
2350
2350
2351
2352
2351
2350
2350
2354
2355
2353
2355
2356
2357
2359
2360
2360
2360
2360
2360
2360
2361
2362
2363
2364
2365
2368
2370
2369
2369
2370
2370
2370
2371
2373
2372
2372
2372
2372
2374
2376
2376
2378
2380
2379
2379
2378
2379
2380
2380
2380
2381
2381
2382
2385
2383
2383
2385
2386
2388
2390
2390
2390
2390
2390
2390
2390
2390
2391
2393
2392
2392
2395
2397
2395
2396
2398
2398
2399
2399
2399
2400
2400
2400
2400
2400
2401
2401
2402
2403
2403
2406
2408
2408
2409
2409
2409
2409
2410
2410
2410
2410
2410
2412
2412
2411
2413
2414
2415
2416
2417
2419
2419
2420
2420
2420
2421
2421
2420
2420
2421
2422
2425
2426
2427
2428
2427
2428
2429
2430
2430
2430
2432
2432
2433
2436
2435
2434
2436
2439
2440
2440
2440
2440
2440
2440
2440
2440
2440
2441
2442
2444
2445
2444
2444
2445
2445
2444
2446
2448
2449
2450
2450
2449
2449
2450
2450
2450
2450
2450
2450
2450
2451
2451
2452
2454
2453
2454
2457
2457
2456
2457
2459
2460
2460
2460
2460
2460
2460
2461
2461
2462
2463
2464
2465
2465
2466
2469
2469
2469
2470
2470
2470
2470
2470
2470
2470
2470
2471
2472
2473
2474
2476
2478
2479
2480
2480
2480
2480
2480
2480
2481
2481
2480
2482
2485
2485
2485
2487
2489
2489
2487
2488
2490
2490
2490
2490
2490
2490
2490
2490
2490
2492
2495
2496
2497
2498
2500
2499
2498
2499
2500
2500
2501
2501
2500
2501
2502
2503
2503
2502
2503
2505
2506
2508
2510
2509
2509
2509
2508
2509
2510
2510
2510
2510
2510
2510
2510
2510
2512
2513
2514
2517
2517
2518
2520
2520
2519
2519
2520
2520
2520
2520
2520
2520
2520
2521
2525
2527
2525
2524
2526
2529
2530
2530
2530
2530
2530
2530
2530
2531
2534
2535
2537
2537
2538
2540
2540
2540
2540
2540
2540
2540
2543
2543
2542
2545
2549
2550
2550
2550
2550
2550
2550
2550
2550
2552
2554
2553
2554
2557
2557
2558
2560
2560
2560
2560
2560
2560
2560
2560
2560
2562
2562
2565
2564
2563
2568
2570
2570
2570
2570
2570
2570
2570
2570
2570
2570
2570
2572
2574
2573
2573
2575
2577
2579
2580
2580
2580
2580
2580
2580
2580
2581
2582
2583
2585
2584
2585
2589
2590
2589
2589
2589
2589
2590
2591
2592
2592
2591
2593
2596
2596
2597
2599
2600
2600
2600
2600
2600
2601
2601
2600
2602
2603
2603
2603
2602
2604
2607
2609
2610
2610
2610
2610
2610
2610
2610
2610
2610
2610
2610
2611
2612
2613
2615
2619
2617
2615
2617
2618
2618
2618
2619
2620
2620
2621
2621
2620
2620
2621
2621
2621
2625
2629
2629
2628
2628
2629
2629
2629
2630
2630
2630
2630
2630
2630
2630
2630
2631
2631
2630
2631
2633
2636
2635
2635
2635
2637
2640
2639
2639
2640
2640
2640
2640
2640
2640
2640
2641
2642
2645
2646
2645
2645
2645
2644
2643
2645
2649
2650
2650
2650
2650
2650
2650
2650
2651
2652
2654
2654
2656
2659
2659
2658
2659
2660
2660
2662
2662
2662
2663
2663
2664
2664
2667
2669
2668
2668
2668
2669
2670
2670
2670
2670
2670
2670
2670
2672
2672
2672
2674
2675
2675
2676
2678
2680
2678
2679
2680
2679
2679
2680
2680
2680
2680
2680
2680
2682
2684
2682
2681
2682
2681
2684
2689
2689
2688
2688
2689
2690
2690
2690
2690
2690
2691
2692
2690
2693
2697
2697
2696
2697
2698
2699
2700
2700
2701
2701
2700
2700
2700
2701
2702
2702
2706
2708
2709
2708
2708
2710
2709
2709
2710
2710
2711
2711
2712
2713
2717
2719
2719
2720
2720
2720
2720
2720
2720
2720
2721
2723
2723
2722
2722
2726
2727
2726
2728
2730
2730
2730
2730
2730
2730
2730
2731
2731
2730
2730
2731
2732
2731
2733
2737
2737
2738
2738
2737
2738
2739
2739
2739
2740
2740
2740
2741
2741
2740
2741
2741
2740
2743
2746
2746
2746
2746
2748
2750
2750
2750
2750
2750
2750
2750
2751
2750
2751
2754
2756
2758
2760
2760
2760
2760
2760
2760
2760
2760
2760
2760
2760
2760
2760
2766
2768
2767
2769
2770
2770
2770
2770
2770
2770
2770
2771
2772
2774
2777
2778
2778
2779
2779
2779
2780
2781
2781
2780
2782
2786
2786
2785
2787
2789
2789
2790
2790
2790
2790
2790
2790
2790
2792
2792
2791
2791
2793
2797
2799
2800
2800
2800
2800
2800
2801
2801
2800
2801
2802
2801
2802
2804
2805
2806
2808
2809
2808
2808
2810
2810
2810
2810
2810
2810
2810
2810
2811
2812
2812
2811
2811
2813
2816
2818
2819
2820
2819
2819
2820
2820
2820
2820
2820
2821
2821
2821
2821
2821
2824
2825
2825
2827
2828
2828
2829
2830
2830
2830
2830
2830
2830
2832
2831
2832
2833
2832
2834
2835
2836
2837
2838
2840
2839
2839
2839
2838
2839
2842
2842
2840
2840
2840
2841
2843
2843
2842
2843
2845
2847
2848
2849
2848
2849
2849
2848
2849
2850
2850
2849
2849
2850
2850
2850
2850
2851
2851
2850
2850
2852
2854
2854
2855
2856
2857
2858
2859
2860
2860
2860
2860
2860
2861
2861
2862
2864
2863
2862
2865
2868
2868
2869
2870
2870
2870
2870
2870
2870
2870
2870
2871
2872
2873
2874
2874
2876
2878
2879
2880
2880
2880
2880
2880
2880
2880
2881
2883
2887
2889
2888
2889
2890
2890
2890
2890
2890
2890
2890
2890
2890
2890
2890
2891
2892
2894
2897
2896
2897
2900
2900
2899
2898
2899
2900
2900
2900
2900
2900
2900
2900
2900
2901
2901
2901
2904
2907
2908
2907
2908
2909
2909
2909
2908
2909
2910
2910
2909
2909
2910
2910
2910
2910
2909
2909
2910
2910
2911
2911
2910
2910
2910
2910
2911
2911
2913
2916
2918
2917
2917
2917
2918
2920
2920
2920
2920
2920
2920
2920
2920
2922
2922
2920
2923
2927
2927
2926
2925
2926
2928
2929
2930
2930
2930
2930
2930
2930
2931
2931
2930
2930
2930
2930
2930
2932
2933
2932
2934
2936
2937
2937
2938
2940
2940
2940
2940
2940
2940
2941
2941
2940
2940
2940
2940
2940
2941
2942
2941
2943
2945
2943
2943
2942
2941
2943
2945
2947
2948
2948
2948
2949
2949
2949
2950
2950
2950
2950
2950
2950
2950
2952
2952
2950
2951
2952
2952
2954
2957
2957
2959
2960
2960
2960
2960
2960
2960
2960
2960
2961
2963
2964
2964
2965
2965
2964
2966
2966
2965
2968
2969
2969
2970
2970
2970
2971
2971
2970
2972
2973
2973
2974
2976
2975
2977
2980
2980
2980
2980
2980
2980
2979
2979
2980
2980
2980
2980
2980
2982
2985
2985
2983
2983
2984
2985
2984
2984
2988
2989
2989
2990
2990
2990
2989
2989
2990
2990
2990
2990
2990
2990
2991
2992
2992
2993
2994
2995
2997
2997
2996
2998
2999
2999
3000
3000
3000
3000
3000
3000
3000
3000
3000
3000
3001
3001
3003
3006
3008
3008
3008
3007
3008
3010
3010
3010
3010
3010
3010
3010
3010
3012
3012
3011
3014
3017
3019
3019
3019
3020
3020
3020
3020
3020
3022
3022
3022
3024
3023
3024
3024
3025
3025
3023
3027
3029
3029
3029
3029
3030
3030
3030
3030
3030
3030
3030
3030
3030
3030
3030
3031
3032
3033
3032
3033
3034
3033
3035
3036
3036
3036
3037
3039
3039
3038
3039
3039
3039
3040
3041
3041
3040
3040
3040
3040
3040
3042
3043
3041
3044
3047
3049
3048
3047
3048
3047
3048
3050
3050
3050
3050
3050
3050
3050
3050
3050
3050
3051
3052
3052
3052
3054
3055
3058
3060
3058
3057
3058
3059
3060
3060
3060
3060
3061
3062
3062
3062
3061
3062
3067
3069
3069
3070
3070
3070
3070
3070
3070
3070
3070
3070
3072
3072
3070
3071
3073
3075
3075
3074
3076
3078
3078
3079
3079
3079
3080
3079
3078
3079
3080
3080
3080
3080
3080
3081
3082
3082
3082
3081
3080
3080
3080
3083
3086
3087
3085
3086
3087
3088
3088
3087
3089
3090
3090
3090
3090
3090
3090
3090
3090
3092
3092
3095
3094
3090
3093
3096
3097
3097
3095
3096
3099
3100
3100
3100
3100
3100
3100
3100
3100
3102
3102
3102
3101
3102
3104
3105
3108
3110
3109
3109
3110
3110
3110
3110
3111
3111
3112
3113
3113
3116
3117
3116
3116
3117
3119
3119
3120
3120
3120
3120
3120
3120
3120
3120
3120
3120
3121
3121
3121
3121
3120
3121
3124
3127
3128
3125
3124
3126
3126
3128
3130
3130
3130
3130
3128
3127
3129
3130
3130
3130
3130
3129
3129
3130
3130
3130
3131
3131
3130
3131
3131
3130
3132
3134
3134
3134
3133
3134
3136
3137
3136
3137
3140
3140
3140
3140
3140
3140
3141
3142
3142
3142
3143
3145
3147
3148
3148
3149
3150
3150
3150
3150
3150
3150
3152
3152
3151
3154
3155
3157
3160
3160
3160
3160
3160
3160
3160
3161
3161
3160
3162
3164
3166
3167
3167
3168
3169
3170
3170
3170
3170
3170
3170
3170
3170
3173
3173
3172
3171
3172
3174
3173
3173
3175
3175
3176
3178
3176
3176
3176
3176
3178
3180
3180
3180
3180
3180
3182
3182
3180
3180
3180
3180
3180
3181
3181
3180
3181
3182
3181
3181
3186
3189
3188
3188
3188
3189
3189
3189
3190
3190
3190
3190
3190
3190
3191
3191
3191
3192
3192
3193
3194
3196
3198
3198
3198
3198
3199
3200
3200
3200
3200
3200
3200
3200
3200
3200
3201
3203
3205
3205
3205
3204
3205
3209
3209
3209
3210
3210
3210
3211
3212
3211
3210
3210
3210
3210
3213
3213
3210
3211
3213
3215
3217
3218
3218
3220
3220
3220
3220
3220
3220
3220
3220
3220
3220
3220
3220
3221
3223
3223
3221
3221
3222
3223
3224
3226
3229
3230
3230
3230
3230
3229
3228
3229
3230
3230
3230
3230
3230
3230
3231
3232
3232
3232
3233
3234
3235
3234
3234
3238
3239
3238
3239
3240
3240
3240
3240
3240
3240
3240
3240
3241
3242
3241
3241
3242
3244
3245
3244
3246
3246
3248
3250
3249
3249
3252
3252
3250
3250
3251
3252
3252
3253
3256
3256
3255
3256
3258
3260
3260
3260
3260
3260
3260
3260
3260
3263
3264
3263
3262
3262
3265
3267
3267
3268
3270
3270
3270
3270
3270
3270
3270
3270
3270
3270
3270
3269
3269
3271
3271
3270
3270
3271
3271
3272
3273
3273
3275
3276
3277
3277
3277
3279
3279
3278
3278
3278
3279
3280
3280
3280
3280
3280
3280
3280
3281
3281
3282
3284
3284
3285
3285
3286
3288
3288
3289
3290
3290
3290
3290
3290
3291
3292
3293
3293
3292
3295
3297
3297
3298
3299
3300
3300
3300
3300
3300
3300
3300
3300
3301
3302
3302
3303
3305
3307
3309
3310
3310
3310
3310
3310
3310
3310
3310
3311
3311
3310
3310
3312
3316
3317
3314
3315
3317
3318
3319
3318
3319
3320
3320
3320
3320
3320
3320
3320
3320
3321
3321
3320
3321
3321
3320
3320
3321
3323
3325
3327
3327
3327
3327
3329
3327
3326
3328
3328
3329
3330
3330
3330
3330
3330
3330
3330
3331
3332
3332
3332
3331
3331
3331
3331
3334
3335
3337
3340
3340
3340
3340
3340
3340
3340
3340
3340
3340
3340
3342
3347
3348
3348
3350
3350
3350
3350
3350
3351
3351
3350
3350
3351
3353
3355
3357
3358
3358
3359
3360
3360
3360
3360
3360
3360
3360
3361
3360
3360
3361
3362
3361
3361
3363
3362
3362
3366
3368
3367
3366
3367
3367
3367
3367
3368
3370
3370
3369
3369
3370
3370
3370
3370
3370
3371
3372
3371
3370
3371
3374
3374
3374
3377
3379
3380
3380
3380
3380
3380
3380
3380
3380
3380
3381
3382
3383
3383
3385
3387
3389
3389
3389
3390
3390
3390
3390
3392
3392
3393
3393
3392
3392
3396
3400
3400
3400
3399
3399
3400
3401
3402
3403
3403
3403
3406
3409
3409
3409
3410
3409
3409
3410
3410
3411
3412
3411
3412
3415
3417
3418
3419
3420
3420
3420
3420
3420
3421
3422
3422
3422
3423
3423
3423
3424
3425
3427
3427
3427
3428
3429
3430
3429
3428
3428
3428
3429
3430
3430
3430
3430
3430
3430
3430
3430
3431
3434
3435
3437
3435
3433
3436
3437
3437
3439
3440
3440
3440
3440
3440
3440
3440
3441
3443
3442
3440
3443
3443
3444
3448
3447
3447
3449
3449
3450
3450
3450
3450
3450
3450
3450
3450
3451
3452
3452
3453
3453
3453
3456
3458
3458
3458
3458
3458
3458
3459
3460
3460
3460
3460
3460
3460
3460
3463
3466
3466
3467
3469
3470
3469
3469
3470
3470
3470
3470
3470
3470
3470
3470
3470
3473
3473
3471
3474
3478
3480
3478
3477
3479
3480
3480
3480
3480
3480
3480
3480
3480
3480
3480
3480
3480
3481
3481
3480
3480
3481
3484
3485
3485
3487
3489
3489
3490
3490
3490
3490
3490
3490
3490
3490
3492
3495
3496
3495
3497
3500
3500
3500
3500
3500
3500
3500
3500
3500
3500
3500
3501
3501
3501
3503
3504
3505
3506
3506
3506
3507
3509
3510
3510
3510
3510
3510
3510
3511
3511
3511
3514
3515
3515
3515
3516
3519
3520
3520
3520
3521
3521
3520
3520
3521
3521
3521
3520
3521
3523
3524
3526
3527
3528
3528
3528
3530
3529
3529
3530
3530
3530
3530
3530
3530
3530
3532
3532
3530
3531
3531
3532
3533
3531
3532
3536
3536
3536
3538
3538
3538
3539
3539
3540
3540
3540
3540
3540
3540
3540
3540
3541
3542
3541
3541
3544
3545
3544
3546
3544
3542
3544
3547
3549
3549
3550
3550
3550
3550
3550
3550
3550
3551
3551
3556
3560
3556
3558
3559
3555
3556
3559
3560
3559
3559
3560
3560
3560
3560
3560
3561
3563
3565
3564
3563
3561
3560
3561
3563
3565
3566
3568
3570
3570
3569
3569
3570
3570
3570
3570
3570
3570
3570
3571
3571
3571
3571
3573
3573
3572
3575
3576
3575
3576
3578
3579
3580
3579
3579
3580
3580
3580
3580
3580
3580
3580
3580
3580
3580
3581
3583
3582
3584
3587
3587
3588
3588
3587
3589
3590
3590
3590
3590
3590
3590
3590
3591
3591
3591
3592
3591
3590
3590
3590
3593
3596
3595
3594
3596
3598
3599
3600
3600
3600
3600
3600
3600
3600
3600
3600
3601
3600
3601
3602
3602
3602
3602
3604
3608
3607
3606
3606
3608
3609
3607
3608
3610
3607
3605
3607
3609
3610
3609
3609
3610
3610
3610
3610
3610
3610
3610
3610
3611
3611
3610
3610
3611
3612
3613
3616
3618
3618
3617
3617
3617
3616
3618
3618
3616
3618
3620
3620
3620
3620
3621
3620
3620
3620
3620
3620
3621
3622
3623
3626
3625
3627
3629
3628
3629
3630
3630
3630
3630
3630
3630
3630
3630
3632
3634
3634
3634
3636
3638
3637
3636
3637
3639
3639
3638
3638
3639
3639
3639
3640
3640
3640
3640
3640
3640
3641
3641
3642
3643
3641
3643
3646
3648
3649
3649
3649
3650
3650
3650
3650
3650
3650
3650
3650
3651
3651
3652
3653
3652
3654
3654
3653
3655
3656
3658
3660
3659
3658
3658
3659
3660
3660
3660
3660
3660
3660
3660
3660
3660
3661
3662
3663
3666
3668
3669
3670
3670
3670
3670
3670
3670
3670
3670
3670
3670
3672
3671
3673
3674
3674
3678
3680
3680
3680
3680
3680
3681
3681
3680
3680
3680
3682
3684
3682
3682
3684
3686
3687
3688
3690
3690
3690
3690
3689
3689
3690
3690
3690
3690
3690
3690
3690
3691
3691
3692
3693
3693
3695
3695
3695
3698
3699
3700
3699
3698
3699
3700
3700
3700
3701
3700
3700
3700
3700
3700
3701
3702
3702
3701
3701
3704
3705
3703
3705
3706
3706
3706
3706
3708
3710
3710
3710
3709
3709
3710
3710
3710
3710
3711
3712
3711
3714
3719
3718
3717
3716
3717
3719
3719
3720
3720
3720
3719
3719
3720
3718
3718
3720
3720
3720
3720
3720
3720
3720
3720
3720
3720
3720
3720
3720
3721
3721
3721
3723
3725
3726
3727
3728
3728
3727
3728
3729
3730
3730
3730
3730
3730
3730
3733
3732
3730
3731
3731
3733
3736
3736
3736
3736
3738
3740
3739
3739
3739
3739
3740
3740
3740
3740
3740
3741
3740
3741
3741
3741
3744
3744
3742
3743
3745
3746
3745
3747
3747
3746
3747
3748
3749
3750
3750
3750
3750
3750
3750
3750
3750
3750
3752
3753
3754
3758
3760
3759
3759
3760
3760
3760
3760
3760
3760
3760
3760
3760
3760
3760
3761
3762
3761
3760
3761
3762
3763
3768
3769
3768
3769
3770
3769
3768
3769
3770
3770
3770
3770
3770
3770
3771
3772
3772
3774
3774
3773
3771
3771
3775
3778
3777
3777
3778
3779
3780
3779
3779
3780
3780
3780
3780
3778
3778
3780
3780
3780
3780
3780
3780
3780
3780
3780
3780
3782
3784
3784
3782
3781
3780
3781
3782
3784
3783
3784
3786
3786
3787
3788
3788
3788
3789
3790
3790
3790
3790
3790
3792
3792
3790
3791
3791
3792
3793
3793
3794
3794
3796
3797
3797
3798
3799
3799
3800
3800
3800
3800
3800
3800
3802
3804
3803
3801
3802
3804
3804
3806
3809
3808
3808
3809
3809
3810
3810
3810
3809
3809
3809
3809
3810
3810
3810
3810
3810
3810
3810
3810
3810
3810
3811
3812
3812
3812
3812
3811
3813
3815
3815
3815
3815
3818
3818
3816
3815
3816
3819
3820
3820
3820
3820
3820
3820
3820
3820
3820
3820
3820
3820
3820
3820
3820
3820
3820
3820
3820
3821
3822
3820
3821
3823
3824
3824
3824
3823
3824
3828
3827
3827
3829
3830
3829
3829
3830
3830
3830
3829
3829
3830
3830
3830
3830
3830
3830
3830
3830
3830
3830
3831
3831
3830
3831
3832
3833
3834
3834
3836
3837
3837
3838
3838
3839
3839
3839
3840
3840
3840
3840
3840
3840
3841
3842
3841
3841
3842
3843
3846
3846
3846
3847
3845
3846
3848
3849
3847
3845
3847
3847
3848
3849
3847
3847
3848
3848
3847
3847
3845
3846
3846
3846
3849
3847
3844
3845
3845
3847
3848
3845
3847
3849
3849
3850
3849
3849
3850
3850
3850
3850
3850
3850
3850
3850
3850
3850
3850
3850
3850
3850
3850
3850
3850
3850
3851
3851
3851
3851
3852
3851
3850
3850
3850
3850
3851
3854
3855
3854
3853
3857
3860
3859
3859
3859
3858
3859
3860
3858
3859
3860
3860
3860
3860
3860
3860
3861
3861
3860
3861
3861
3860
3861
3861
3861
3862
3862
3861
3861
3862
3861
3861
3863
3863
3863
3862
3862
3865
3866
3866
3866
3867
3865
3863
3866
3868
3869
3868
3868
3866
3867
3870
3870
3870
3870
3870
3870
3870
3870
3870
3870
3870
3870
3870
3870
3870
3870
3870
3870
3870
3870
3870
3870
3871
3871
3872
3873
3873
3871
3873
3874
3873
3874
3876
3876
3874
3874
3877
3880
3880
3880
3879
3879
3880
3878
3877
3878
3879
3880
3880
3880
3880
3880
3879
3878
3879
3880
3879
3879
3879
3879
3880
3880
3880
3880
3880
3880
3880
3880
3880
3880
3880
3880
3880
3880
3880
3880
3880
3880
3880
3880
3880
3880
3880
3880
3880
3880
3880
3880
3880
3880
3879
3879
3880
3880
3880
3880
3880
3880
3880
3880
3880
3879
3879
3880
3880
3880
3880
3880
3880
3880
3880
3881
3880
3880
3880
3881
3882
3881
3881
3882
3882
3881
3882
3882
3881
3881
3882
3881
3881
3881
3882
3881
3881
3881
3880
3881
3881
3880
3880
3881
3882
3882
3881
3881
3883
3883
3881
3881
3881
3880
3882
3882
3881
3881
3881
3881
3880
3880
3880
3880
3880
3880
3880
3881
3881
3880
3880
3880
3880
3880
3880
3881
3881
3880
3880
3880
3880
3880
3880
3880
3880
3880
3880
3879
3878
3880
3878
3878
3880
3878
3876
3877
3878
3878
3878
3878
3879
3879
3879
3878
3876
3876
3877
3876
3876
3878
3877
3876
3878
3880
3879
3878
3879
3880
3880
3880
3880
3880
3880
3880
3880
3880
3880
3880
3880
3880
3880
3880
3880
3880
3880
3880
3880
3880
3880
3880
3880
3880
3880
3880
3880
3880
3880
3881
3882
3881
3882
3882
3881
3882
3882
3882
3883
3886
3886
3885
3885
3886
3887
3887
3885
3886
3888
3887
3886
3887
3887
3886
3886
3887
3888
3888
3886
3885
3885
3885
3886
3884
3884
3883
3881
3884
3886
3884
3884
3887
3885
3881
3880
3883
3884
3882
3881
3880
3880
3880
3880
3880
3881
3881
3880
3880
3880
3880
3880
3880
3882
3883
3882
3882
3881
3883
3883
3881
3883
3882
3881
3883
3882
3882
3884
3884
3882
3882
3881
3880
3881
3883
3882
3881
3881
3882
3882
3883
3882
3883
3885
3884
3885
3886
3886
3886
3887
3885
3884
3885
3884
3884
3886
3886
3885
3885
3885
3884
3884
3884
3884
3883
3883
3884
3883
3881
3884
3887
3885
3883
3882
3882
3885
3888
3886
3884
3884
3882
3882
3883
3882
3882
3883
3883
3882
3881
3881
3882
3882
3881
3880
3880
3880
3880
3880
3880
3880
3880
3880
3880
3880
3880
3880
3880
3880
3880
3880
3880
3880
3880
3880
3880
3880
3880
3880
3880
3880
3880
3880
3880
3881
3881
3880
3880
3881
3881
3880
3880
3880
3880
3880
3880
3880
3880
3881
3881
3880
3880
3880
3880
3882
3882
3880
3881
3882
3881
3880
3880
3880
3880
3880
3880
3880
3880
3880
3880
3880
3882
3882
3880
3880
3879
3879
3880
3878
3878
3880
3876
3873
3875
3877
3876
3874
3873
3871
3871
3873
3872
3870
3870
3870
3870
3870
3870
3870
3870
3870
3870
3870
3870
3870
3870
3870
3870
3870
3869
3868
3869
3869
3869
3870
3869
3867
3865
3865
3864
3864
3864
3862
3863
3863
3862
3862
3864
3865
3863
3862
3861
3863
3864
3865
3864
3860
3863
3867
3865
3862
3863
3863
3864
3862
3861
3863
3864
3863
3862
3861
3861
3863
3862
3860
3860
3860
3860
3860
3860
3860
3860
3861
3861
3861
3860
3860
3861
3861
3860
3860
3860
3860
3860
3860
3860
3860
3860
3860
3860
3860
3860
3860
3860
3860
3860
3860
3859
3859
3859
3859
3859
3856
3857
3858
3856
3855
3854
3855
3858
3857
3855
3856
3857
3856
3854
3851
3853
3853
3852
3852
3852
3856
3858
3857
3855
3853
3854
3857
3858
3859
3858
3857
3854
3855
3856
3855
3856
3856
3856
3855
3855
3857
3856
3859
3858
3858
3858
3858
3859
3859
3859
3859
3857
3855
3855
3856
3858
3857
3855
3855
3857
3857
3857
3859
3859
3858
3857
3858
3859
3858
3857
3857
3858
3858
3859
3858
3858
3858
3856
3857
3857
3858
3859
3856
3855
3857
3858
3858
3857
3854
3853
3854
3852
3852
3852
3852
3851
3851
3851
3850
3851
3852
3850
3850
3850
3850
3850
3850
3850
3850
3851
3851
3850
3850
3850
3850
3850
3850
3850
3850
3850
3849
3849
3850
3850
3848
3847
3847
3846
3846
3847
3847
3847
3848
3848
3849
3848
3847
3849
3849
3848
3849
3849
3848
3848
3847
3845
3843
3843
3843
3842
3843
3843
3844
3843
3841
3842
3841
3840
3840
3840
3840
3840
3841
3841
3840
3840
3841
3840
3840
3840
3840
3840
3840
3840
3840
3840
3840
3840
3840
3840
3840
3840
3839
3839
3838
3838
3839
3838
3839
3838
3837
3839
3839
3836
3836
3836
3833
3835
3836
3835
3836
3834
3831
3833
3838
3838
3838
3839
3838
3839
3837
3835
3837
3839
3838
3838
3840
3839
3839
3838
3837
3838
3839
3839
3837
3836
3836
3838
3835
3833
3836
3836
3836
3836
3837
3839
3836
3836
3839
3837
3835
3835
3834
3834
3833
3833
3833
3831
3833
3834
3832
3831
3831
3830
3830
3832
3833
3831
3830
3830
3832
3833
3832
3831
3833
3834
3832
3831
3830
3830
3830
3830
3830
3830
3830
3830
3830
3830
3830
3830
3829
3828
3827
3827
3827
3825
3825
3826
3826
3827
3826
3823
3822
3821
3820
3821
3821
3820
3820
3820
3821
3821
3821
3821
3820
3820
3820
3820
3820
3820
3820
3819
3819
3819
3819
3820
3820
3820
3820
3820
3820
3819
3819
3820
3818
3817
3818
3818
3816
3816
3816
3814
3815
3814
3813
3814
3813
3811
3811
3812
3812
3811
3810
3810
3810
3810
3810
3810
3810
3810
3810
3810
3811
3811
3810
3810
3810
3810
3810
3810
3810
3810
3810
3810
3810
3810
3810
3810
3810
3810
3810
3810
3810
3810
3809
3808
3809
3810
3809
3808
3808
3807
3803
3805
3805
3803
3804
3805
3805
3805
3803
3802
3803
3803
3801
3802
3803
3802
3801
3802
3802
3801
3801
3800
3800
3800
3800
3802
3802
3800
3800
3800
3801
3801
3800
3800
3800
3800
3800
3800
3800
3800
3800
3800
3800
3800
3800
3801
3801
3800
3800
3800
3800
3800
3800
3800
3800
3800
3800
3799
3798
3798
3799
3800
3799
3798
3798
3797
3797
3796
3795
3795
3792
3793
3795
3795
3793
3792
3790
3790
3791
3791
3790
3791
3791
3790
3790
3790
3790
3790
3789
3789
3788
3787
3784
3784
3786
3782
3781
3781
3781
3781
3782
3781
3780
3781
3781
3781
3780
3780
3780
3780
3780
3780
3780
3780
3780
3780
3780
3780
3780
3780
3780
3780
3780
3780
3780
3780
3780
3780
3780
3780
3780
3780
3780
3780
3780
3781
3780
3780
3780
3780
3780
3780
3780
3780
3780
3780
3780
3780
3780
3780
3780
3779
3779
3782
3782
3780
3780
3779
3779
3780
3780
3780
3780
3780
3780
3780
3780
3780
3780
3780
3779
3779
3778
3778
3778
3778
3777
3776
3777
3775
3774
3776
3775
3776
3777
3775
3777
3774
3772
3772
3771
3773
3773
3771
3771
3771
3770
3770
3770
3770
3770
3770
3770
3770
3769
3769
3770
3770
3770
3770
3769
3769
3770
3769
3769
3770
3768
3766
3767
3768
3769
3769
3769
3769
3769
3769
3767
3765
3765
3765
3764
3764
3763
3762
3762
3764
3764
3763
3762
3760
3760
3760
3760
3760
3760
3761
3761
3760
3760
3759
3759
3760
3760
3760
3759
3759
3760
3760
3760
3760
3760
3760
3760
3760
3760
3759
3760
3758
3757
3758
3758
3759
3759
3757
3758
3758
3756
3756
3754
3751
3751
3752
3752
3753
3752
3751
3750
3750
3750
3750
3750
3750
3750
3751
3752
3752
3750
3750
3750
3750
3750
3750
3750
3750
3750
3750
3750
3750
3750
3750
3750
3750
3750
3750
3750
3750
3750
3749
3749
3750
3750
3750
3748
3748
3750
3750
3749
3748
3748
3749
3750
3749
3747
3747
3749
3748
3748
3750
3750
3750
3749
3749
3746
3743
3744
3742
3740
3740
3740
3740
3740
3740
3740
3740
3740
3740
3740
3740
3740
3740
3741
3740
3740
3740
3740
3740
3740
3740
3739
3739
3738
3734
3731
3731
3732
3731
3730
3730
3730
3730
3730
3730
3730
3730
3730
3730
3730
3728
3728
3728
3726
3724
3722
3721
3722
3721
3720
3720
3721
3722
3721
3722
3721
3720
3720
3720
3720
3720
3720
3720
3720
3720
3720
3720
3720
3718
3718
3720
3719
3717
3715
3715
3716
3716
3714
3713
3714
3715
3714
3712
3712
3712
3711
3711
3711
3710
3710
3710
3710
3710
3710
3710
3710
3710
3708
3708
3710
3708
3708
3708
3708
3709
3708
3707
3705
3706
3707
3704
3702
3703
3703
3701
3702
3702
3700
3702
3702
3700
3700
3700
3700
3700
3700
3700
3700
3699
3698
3696
3696
3698
3694
3690
3691
3691
3690
3690
3690
3690
3690
3690
3690
3690
3690
3690
3690
3690
3690
3689
3689
3690
3690
3690
3689
3689
3690
3690
3690
3690
3690
3690
3690
3689
3688
3689
3690
3690
3690
3689
3689
3690
3688
3688
3690
3690
3689
3688
3688
3688
3689
3689
3689
3690
3689
3688
3688
3687
3688
3690
3687
3685
3685
3683
3683
3683
3684
3683
3682
3683
3681
3681
3681
3680
3680
3680
3681
3681
3680
3680
3680
3680
3680
3680
3680
3680
3680
3680
3680
3679
3677
3677
3677
3677
3678
3678
3677
3675
3675
3676
3675
3675
3674
3674
3673
3673
3673
3671
3672
3675
3674
3673
3671
3670
3672
3673
3673
3673
3672
3671
3671
3672
3673
3673
3672
3671
3670
3671
3671
3670
3670
3670
3670
3670
3670
3670
3670
3670
3670
3670
3671
3670
3670
3670
3670
3670
3670
3669
3668
3669
3670
3670
3670
3669
3668
3668
3667
3666
3666
3665
3663
3664
3663
3661
3660
3660
3660
3660
3659
3659
3660
3659
3657
3655
3653
3653
3656
3656
3653
3652
3652
3651
3650
3650
3650
3650
3650
3650
3650
3650
3650
3650
3649
3649
3650
3650
3650
3650
3650
3650
3650
3650
3650
3650
3650
3650
3650
3650
3650
3649
3648
3649
3649
3648
3649
3648
3645
3644
3645
3645
3646
3648
3644
3643
3644
3642
3643
3642
3642
3643
3643
3644
3644
3643
3641
3642
3642
3643
3643
3641
3640
3640
3640
3640
3640
3640
3640
3640
3640
3640
3640
3640
3640
3640
3640
3641
3641
3640
3640
3640
3640
3640
3640
3640
3640
3639
3639
3640
3640
3640
3640
3640
3640
3640
3640
3640
3639
3639
3639
3638
3639
3640
3640
3640
3640
3640
3640
3640
3640
3640
3640
3638
3638
3638
3637
3637
3638
3638
3635
3637
3638
3637
3637
3637
3639
3637
3638
3638
3635
3635
3638
3640
3636
3635
3636
3634
3633
3632
3631
3630
3630
3631
3631
3631
3631
3630
3630
3630
3630
3630
3630
3630
3630
3631
3630
3629
3630
3630
3630
3630
3630
3630
3630
3630
3629
3629
3630
3630
3629
3629
3630
3630
3630
3630
3629
3627
3628
3630
3630
3630
3629
3629
3629
3629
3630
3629
3628
3629
3629
3628
3629
3628
3628
3629
3627
3625
3626
3628
3625
3623
3625
3625
3624
3623
3620
3620
3621
3622
3622
3621
3620
3622
3623
3621
3621
3620
3620
3620
3620
3620
3620
3620
3620
3620
3620
3620
3620
3620
3620
3620
3620
3620
3620
3620
3620
3620
3620
3620
3620
3620
3619
3619
3619
3617
3617
3617
3615
3615
3615
3612
3613
3615
3612
3611
3611
3610
3611
3611
3610
3611
3611
3610
3610
3610
3610
3610
3610
3610
3610
3610
3610
3610
3610
3610
3610
3610
3610
3609
3609
3610
3609
3609
3609
3608
3604
3603
3603
3604
3603
3602
3603
3603
3606
3607
3606
3606
3605
3607
3607
3604
3601
3601
3602
3601
3602
3602
3601
3602
3602
3603
3602
3600
3601
3602
3601
3602
3603
3602
3603
3602
3600
3601
3601
3600
3600
3600
3601
3602
3603
3604
3603
3604
3605
3603
3603
3603
3603
3604
3603
3602
3602
3601
3604
3605
3604
3604
3604
3606
3607
3605
3606
3609
3609
3607
3606
3607
3605
3603
3604
3603
3602
3602
3603
3602
3601
3602
3601
3600
3600
3600
3601
3601
3600
3600
3600
3600
3600
3600
3600
3601
3600
3600
3600
3600
3600
3600
3600
3600
3600
3600
3600
3600
3600
3600
3599
3599
3600
3600
3599
3598
3598
3599
3599
3599
3599
3598
3599
3599
3598
3598
3599
3600
3599
3598
3597
3596
3598
3597
3595
3598
3600
3599
3599
3600
3599
3598
3598
3599
3600
3600
3600
3600
3600
3599
3599
3600
3600
3600
3600
3600
3600
3600
3600
3600
3600
3600
3600
3600
3600
3600
3600
3600
3600
3600
3600
3600
3600
3600
3601
3600
3600
3600
3600
3600
3600
3600
3600
3600
3601
3603
3601
3600
3600
3600
3600
3600
3600
3602
3603
3601
3601
3600
3601
3602
3601
3600
3600
3600
3601
3602
3601
3603
3603
3601
3602
3602
3601
3602
3602
3603
3602
3600
3600
3600
3600
3600
3600
3600
3600
3600
3600
3600
3600
3600
3600
3600
3600
3600
3600
3600
3600
3600
3600
3600
3600
3600
3600
3601
3601
3600
3600
3600
3600
3600
3600
3600
3600
3601
3601
3600
3600
3601
3601
3601
3602
3601
3600
3602
3603
3601
3602
3602
3602
3603
3604
3603
3601
3601
3603
3606
3605
3602
3602
3603
3604
3602
3600
3601
3601
3601
3601
3602
3602
3601
3603
3602
3601
3600
3600
3601
3601
3600
3600
3601
3601
3602
3602
3600
3600
3602
3604
3604
3607
3606
3603
3605
3606
3604
3606
3608
3607
3608
3609
3609
3609
3609
3607
3606
3609
3608
3608
3608
3608
3610
3609
3608
3609
3610
3610
3610
3610
3610
3610
3611
3611
3610
3611
3611
3610
3612
3613
3614
3613
3615
3617
3615
3613
3614
3614
3612
3613
3614
3616
3616
3615
3616
3615
3617
3618
3617
3618
3619
3619
3620
3620
3619
3619
3620
3620
3620
3620
3620
3620
3621
3621
3621
3620
3621
3621
3621
3621
3621
3621
3622
3623
3622
3622
3624
3624
3624
3624
3625
3624
3624
3625
3623
3622
3624
3625
3624
3623
3621
3621
3622
3623
3623
3625
3628
3629
3630
3629
3629
3630
3630
3630
3630
3630
3630
3630
3630
3630
3631
3632
3631
3631
3631
3633
3635
3636
3636
3637
3639
3638
3637
3636
3637
3639
3638
3639
3640
3640
3640
3640
3640
3640
3640
3640
3640
3640
3640
3640
3640
3640
3640
3640
3640
3640
3640
3640
3640
3640
3641
3643
3641
3642
3644
3643
3644
3643
3642
3645
3646
3648
3647
3643
3644
3646
3647
3647
3645
3646
3647
3647
3647
3647
3649
3650
3650
3650
3648
3648
3650
3650
3649
3649
3650
3650
3650
3650
3650
3650
3650
3650
3650
3650
3650
3650
3651
3651
3650
3650
3650
3650
3650
3650
3650
3652
3653
3652
3651
3650
3650
3651
3652
3652
3652
3654
3655
3652
3652
3652
3653
3656
3656
3655
3654
3655
3658
3659
3658
3659
3660
3660
3657
3655
3656
3656
3658
3660
3658
3656
3657
3657
3658
3659
3658
3659
3660
3659
3659
3660
3660
3660
3660
3660
3660
3660
3660
3660
3660
3660
3660
3660
3659
3659
3660
3661
3661
3660
3660
3660
3661
3661
3660
3660
3661
3661
3660
3661
3661
3661
3663
3663
3663
3663
3665
3668
3666
3665
3668
3670
3669
3669
3670
3670
3670
3670
3670
3670
3670
3670
3670
3670
3670
3669
3669
3670
3670
3670
3670
3670
3670
3670
3670
3671
3676
3678
3676
3675
3676
3678
3679
3680
3680
3680
3680
3680
3680
3680
3680
3680
3680
3681
3680
3680
3682
3684
3686
3687
3687
3687
3686
3688
3690
3689
3688
3689
3690
3689
3689
3690
3690
3690
3690
3690
3690
3690
3690
3690
3690
3690
3690
3691
3691
3691
3691
3692
3694
3692
3691
3693
3694
3694
3695
3698
3698
3695
3698
3699
3698
3698
3699
3699
3699
3700
3700
3699
3699
3700
3700
3700
3700
3700
3700
3700
3700
3700
3700
3700
3700
3702
3703
3701
3703
3704
3702
3705
3707
3705
3701
3704
3708
3708
3709
3710
3710
3710
3710
3710
3710
3710
3710
3710
3710
3710
3710
3711
3712
3711
3711
3711
3711
3713
3716
3717
3717
3719
3719
3717
3718
3720
3720
3720
3720
3720
3720
3721
3720
3720
3720
3720
3720
3720
3720
3721
3721
3720
3720
3720
3720
3720
3720
3720
3720
3720
3720
3720
3720
3720
3721
3721
3721
3720
3720
3720
3720
3721
3722
3724
3725
3723
3725
3724
3724
3728
3729
3729
3730
3729
3729
3729
3729
3730
3730
3730
3730
3730
3730
3730
3732
3732
3733
3733
3733
3736
3735
3734
3738
3736
3736
3740
3739
3738
3739
3738
3738
3739
3739
3740
3739
3738
3737
3738
3737
3737
3739
3740
3740
3740
3740
3740
3740
3740
3740
3740
3740
3740
3740
3740
3740
3740
3741
3740
3740
3740
3740
3740
3740
3740
3740
3740
3740
3740
3740
3742
3743
3742
3744
3743
3741
3740
3742
3742
3743
3744
3742
3745
3743
3741
3742
3743
3742
3743
3746
3745
3743
3745
3744
3743
3744
3746
3749
3749
3749
3750
3750
3750
3750
3750
3750
3750
3750
3750
3750
3750
3750
3750
3750
3751
3751
3750
3750
3751
3751
3751
3752
3757
3759
3756
3755
3757
3759
3759
3758
3757
3757
3759
3760
3760
3760
3760
3760
3760
3760
3760
3760
3760
3760
3760
3760
3760
3760
3760
3760
3760
3760
3760
3761
3762
3761
3760
3760
3761
3761
3760
3762
3764
3763
3762
3763
3765
3764
3766
3769
3769
3768
3767
3767
3768
3769
3768
3769
3769
3768
3769
3770
3769
3769
3770
3770
3770
3769
3769
3770
3770
3770
3770
3770
3770
3770
3770
3770
3770
3770
3770
3770
3770
3770
3770
3770
3770
3770
3770
3770
3770
3771
3772
3772
3773
3776
3776
3774
3773
3773
3775
3778
3779
3779
3778
3779
3780
3779
3777
3776
3777
3779
3780
3778
3778
3780
3780
3778
3778
3780
3780
3780
3780
3780
3779
3779
3779
3779
3780
3779
3778
3778
3779
3780
3780
3780
3780
3780
3780
3780
3780
3780
3780
3780
3780
3780
3780
3780
3780
3780
3780
3780
3780
3780
3780
3780
3780
3780
3780
3780
3780
3780
3780
3780
3780
3780
3780
3780
3780
3780
3780
3780
3780
3780
3780
3780
3780
3780
3780
3780
3780
3780
3780
3780
3780
3780
3780
3780
3780
3780
3780
3780
3780
3780
3780
3780
3780
3780
3780
3780
3780
3781
3781
3780
3780
3780
3780
3780
3780
3781
3783
3781
3780
3780
3780
3780
3780
3780
3780
3780
3781
3781
3781
3780
3780
3781
3781
3780
3780
3780
3780
3780
3780
3780
3780
3780
3781
3781
3780
3780
3780
3780
3780
3781
3781
3780
3781
3781
3780
3780
3780
3780
3781
3781
3780
3782
3781
3780
3780
3780
3781
3782
3784
3785
3784
3784
3783
3784
3783
3783
3782
3782
3783
3782
3781
3780
3782
3783
3781
3780
3780
3780
3780
3781
3781
3782
3784
3783
3781
3783
3783
3782
3781
3782
3784
3783
3784
3784
3783
3783
3783
3783
3783
3786
3789
3788
3786
3785
3787
3789
3788
3788
3789
3788
3787
3789
3789
3789
3790
3789
3789
3789
3788
3788
3788
3789
3788
3788
3790
3789
3788
3789
3790
3790
3790
3789
3789
3790
3789
3787
3787
3789
3790
3790
3790
3790
3788
3787
3788
3788
3788
3788
3788
3789
3790
3790
3789
3789
3789
3789
3790
3790
3790
3790
3790
3790
3790
3790
3790
3788
3787
3789
3790
3789
3789
3790
3790
3790
3790
3790
3790
3790
3790
3790
3790
3790
3790
3790
3790
3791
3791
3790
3790
3790
3790
3790
3790
3790
3791
3793
3793
3791
3790
3790
3790
3790
3791
3791
3790
3792
3792
3791
3790
3790
3792
3792
3790
3790
3791
3791
3794
3796
3792
3791
3791
3792
3794
3792
3793
3794
3794
3795
3795
3795
3793
3793
3793
3792
3793
3794
3794
3791
3792
3792
3791
3791
3790
3792
3792
3790
3791
3792
3792
3792
3790
3790
3790
3790
3790
3790
3790
3790
3790
3790
3790
3790
3790
3790
3790
3790
3790
3790
3790
3790
3791
3791
3790
3790
3790
3790
3790
3790
3790
3790
3789
3789
3790
3790
3790
3790
3789
3788
3788
3788
3786
3786
3786
3782
3783
3786
3785
3783
3782
3782
3784
3786
3785
3785
3783
3781
3785
3786
3785
3786
3783
3785
3788
3787
3785
3783
3785
3784
3783
3783
3782
3782
3783
3784
3785
3784
3784
3784
3782
3781
3782
3783
3782
3785
3785
3786
3785
3784
3784
3782
3784
3785
3784
3784
3787
3787
3785
3784
3786
3787
3786
3785
3785
3784
3782
3783
3784
3783
3782
3781
3780
3781
3782
3781
3781
3782
3782
3781
3783
3783
3781
3781
3782
3781
3782
3784
3784
3783
3785
3785
3784
3783
3783
3783
3783
3784
3785
3783
3783
3782
3782
3786
3787
3784
3782
3782
3783
3785
3786
3787
3786
3785
3784
3783
3784
3783
3783
3782
3782
3781
3781
3781
3780
3781
3781
3780
3780
3780
3781
3780
3780
3780
3780
3780
3780
3780
3780
3780
3780
3778
3776
3777
3777
3776
3776
3777
3776
3776
3776
3775
3774
3775
3778
3777
3776
3776
3775
3774
3774
3774
3773
3774
3774
3774
3775
3774
3775
3774
3771
3770
3770
3770
3771
3771
3770
3770
3771
3772
3771
3771
3771
3770
3770
3770
3770
3771
3771
3770
3770
3770
3770
3770
3770
3770
3770
3770
3770
3770
3770
3770
3770
3770
3770
3770
3771
3770
3770
3770
3770
3771
3771
3770
3770
3770
3770
3770
3770
3770
3770
3770
3770
3770
3770
3770
3770
3770
3770
3770
3770
3769
3769
3770
3770
3770
3770
3770
3767
3766
3766
3765
3765
3765
3764
3764
3765
3764
3763
3765
3765
3763
3761
3760
3761
3763
3764
3765
3763
3761
3761
3763
3766
3763
3762
3763
3761
3762
3764
3763
3762
3763
3764
3764
3762
3763
3763
3764
3762
3761
3762
3762
3762
3762
3762
3763
3763
3761
3760
3760
3761
3761
3760
3760
3760
3760
3761
3762
3761
3760
3761
3763
3761
3761
3761
3760
3760
3760
3761
3761
3760
3760
3760
3760
3760
3760
3760
3759
3759
3760
3760
3760
3760
3760
3760
3759
3759
3760
3760
3759
3758
3759
3758
3758
3760
3758
3757
3759
3756
3752
3754
3755
3753
3752
3752
3753
3752
3752
3752
3754
3754
3753
3754
3751
3750
3750
3751
3753
3753
3754
3756
3755
3753
3753
3755
3756
3756
3754
3754
3755
3756
3756
3757
3759
3757
3757
3759
3759
3759
3758
3759
3760
3760
3760
3760
3759
3758
3759
3760
3760
3760
3759
3759
3759
3759
3760
3759
3758
3759
3759
3757
3753
3754
3755
3754
3753
3752
3754
3753
3751
3750
3750
3751
3753
3752
3750
3751
3752
3751
3751
3751
3751
3751
3750
3750
3750
3750
3750
3750
3749
3748
3748
3749
3750
3749
3748
3748
3747
3746
3744
3744
3746
3748
3748
3747
3748
3748
3745
3746
3748
3746
3745
3744
3744
3744
3745
3745
3745
3745
3744
3745
3744
3745
3747
3744
3742
3744
3745
3745
3743
3743
3746
3746
3744
3741
3740
3741
3741
3741
3742
3741
3741
3743
3742
3740
3742
3742
3741
3741
3740
3740
3740
3740
3740
3740
3740
3740
3740
3740
3740
3740
3740
3740
3740
3740
3740
3740
3739
3739
3740
3740
3740
3739
3739
3740
3739
3736
3734
3737
3738
3738
3738
3738
3739
3736
3737
3738
3735
3735
3737
3736
3732
3732
3737
3738
3735
3733
3735
3739
3738
3736
3735
3734
3734
3733
3732
3731
3731
3730
3732
3733
3731
3730
3731
3732
3730
3730
3730
3730
3730
3732
3733
3732
3731
3730
3731
3731
3730
3730
3731
3730
3732
3732
3731
3731
3731
3731
3730
3731
3732
3731
3730
3732
3737
3736
3732
3732
3735
3737
3737
3735
3731
3731
3732
3731
3730
3731
3732
3731
3731
3731
3730
3730
3730
3730
3730
3730
3730
3730
3730
3730
3730
3730
3730
3730
3730
3730
3730
3730
3730
3730
3730
3730
3729
3728
3728
3729
3730
3729
3729
3730
3729
3728
3727
3727
3727
3727
3727
3727
3727
3729
3729
3727
3727
3727
3725
3724
3725
3726
3724
3725
3724
3720
3720
3720
3720
3720
3721
3721
3720
3720
3720
3720
3720
3720
3720
3720
3718
3717
3718
3719
3718
3719
3718
3716
3717
3716
3716
3714
3711
3710
3710
3710
3710
3710
3710
3710
3710
3710
3710
3711
3711
3710
3710
3710
3710
3710
3710
3710
3709
3708
3710
3709
3707
3707
3707
3707
3709
3707
3703
3701
3701
3701
3700
3700
3700
3700
3700
3700
3700
3700
3700
3700
3700
3700
3700
3700
3700
3700
3700
3700
3699
3698
3697
3696
3699
3696
3694
3698
3696
3692
3693
3692
3691
3693
3693
3691
3692
3691
3690
3690
3690
3691
3691
3690
3690
3690
3690
3690
3690
3690
3691
3691
3690
3690
3690
3690
3690
3690
3690
3690
3690
3690
3690
3690
3690
3690
3690
3690
3690
3690
3690
3690
3690
3689
3689
3689
3689
3689
3689
3687
3685
3685
3685
3684
3683
3682
3682
3682
3681
3681
3681
3682
3681
3681
3681
3680
3680
3680
3681
3681
3680
3680
3680
3680
3680
3682
3681
3680
3680
3680
3680
3680
3680
3680
3680
3680
3680
3680
3680
3680
3680
3679
3679
3680
3679
3678
3679
3677
3674
3676
3677
3675
3674
3674
3673
3674
3673
3674
3676
3673
3671
3672
3673
3671
3672
3671
3670
3671
3672
3672
3672
3672
3671
3670
3670
3670
3670
3670
3670
3670
3670
3670
3670
3670
3670
3670
3670
3670
3671
3671
3670
3670
3670
3670
3669
3670
3669
3669
3670
3668
3665
3665
3665
3664
3663
3661
3661
3662
3662
3662
3661
3660
3661
3661
3660
3661
3660
3660
3660
3660
3660
3660
3660
3660
3661
3661
3661
3661
3660
3660
3660
3660
3660
3662
3663
3662
3661
3660
3660
3661
3661
3660
3661
3661
3660
3662
3661
3660
3660
3660
3660
3660
3660
3660
3660
3659
3658
3659
3659
3659
3660
3660
3660
3660
3660
3658
3658
3658
3657
3659
3659
3658
3658
3658
3658
3657
3657
3658
3657
3656
3657
3657
3656
3657
3658
3659
3659
3657
3656
3654
3655
3659
3659
3656
3654
3655
3656
3655
3653
3652
3653
3652
3650
3651
3652
3652
3651
3650
3650
3650
3651
3651
3650
3650
3650
3650
3650
3650
3650
3650
3650
3650
3650
3650
3650
3650
3650
3650
3650
3650
3650
3650
3650
3650
3649
3649
3650
3650
3650
3650
3649
3649
3650
3650
3650
3649
3649
3650
3650
3650
3650
3649
3649
3649
3648
3650
3649
3648
3648
3647
3647
3646
3644
3647
3647
3645
3646
3644
3644
3646
3645
3646
3645
3642
3643
3644
3646
3646
3643
3643
3644
3642
3645
3646
3642
3642
3642
3641
3641
3640
3641
3641
3640
3640
3640
3640
3640
3640
3640
3640
3640
3640
3640
3640
3639
3639
3639
3638
3639
3638
3637
3639
3639
3638
3638
3637
3637
3637
3635
3635
3636
3636
3636
3637
3636
3634
3636
3637
3635
3632
3634
3636
3634
3635
3636
3634
3631
3632
3633
3632
3633
3634
3633
3634
3635
3633
3633
3633
3635
3633
3633
3635
3634
3636
3637
3634
3632
3632
3632
3633
3634
3634
3634
3634
3634
3633
3633
3634
3634
3633
3632
3633
3635
3636
3635
3634
3632
3634
3634
3633
3632
3632
3632
3632
3633
3634
3632
3631
3631
3630
3630
3631
3631
3630
3630
3631
3630
3630
3630
3630
3630
3630
3630
3629
3629
3630
3630
3630
3630
3630
3630
3630
3629
3629
3630
3630
3630
3630
3630
3630
3630
3630
3630
3631
3631
3631
3631
3630
3630
3630
3630
3630
3630
3630
3630
3630
3630
3630
3630
3630
3630
3630
3630
3629
3629
3630
3630
3630
3631
3631
3632
3632
3630
3630
3631
3633
3632
3631
3633
3633
3633
3635
3635
3635
3638
3637
3635
3636
3636
3635
3634
3631
3632
3634
3633
3634
3633
3631
3630
3632
3635
3634
3631
3631
3632
3633
3632
3631
3631
3630
3630
3630
3630
3630
3630
3630
3630
3630
3630
3630
3630
3630
3630
3630
3630
3630
3628
3626
3627
3629
3630
3628
3628
3630
3630
3630
3630
3629
3627
3628
3629
3628
3627
3627
3626
3625
3625
3626
3628
3629
3628
3627
3628
3627
3627
3626
3627
3628
3628
3628
3628
3630
3629
3629
3630
3630
3629
3628
3629
3629
3629
3630
3630
3629
3629
3630
3630
3630
3630
3630
3630
3630
3630
3630
3629
3628
3629
3630
3630
3630
3630
3630
3630
3630
3630
3630
3630
3630
3630
3629
3629
3630
3629
3629
3630
3630
3630
3630
3627
3628
3629
3626
3625
3627
3628
3625
3622
3625
3624
3622
3623
3622
3623
3624
3623
3625
3625
3626
3627
3627
3629
3629
3629
3630
3630
3630
3630
3630
3630
3630
3630
3630
3630
3630
3630
3630
3630
3631
3631
3630
3630
3632
3633
3634
3635
3632
3631
3631
3630
3630
3630
3630
3632
3633
3631
3630
3630
3633
3634
3632
3631
3632
3632
3634
3634
3634
3636
3637
3637
3637
3639
3639
3639
3639
3639
3639
3638
3640
3639
3639
3640
3640
3640
3640
3640
3640
3640
3640
3640
3640
3640
3640
3640
3640
3640
3640
3639
3640
3640
3640
3642
3643
3641
3641
3642
3641
3640
3640
3640
3641
3641
3640
3640
3641
3641
3643
3646
3644
3644
3645
3644
3647
3647
3645
3647
3650
3648
3645
3647
3649
3647
3647
3647
3646
3646
3647
3649
3649
3649
3650
3650
3650
3650
3650
3650
3650
3650
3650
3650
3651
3651
3650
3650
3650
3650
3650
3650
3650
3651
3651
3650
3650
3650
3650
3650
3651
3651
3650
3650
3650
3650
3650
3650
3650
3650
3650
3650
3650
3650
3650
3650
3650
3650
3650
3650
3651
3651
3650
3650
3650
3650
3650
3650
3650
3650
3650
3650
3650
3650
3650
3650
3650
3650
3650
3650
3650
3650
3650
3650
3650
3650
3651
3651
3651
3653
3653
3651
3651
3653
3656
3656
3656
3657
3657
3658
3656
3657
3660
3660
3660
3657
3657
3659
3659
3660
3660
3662
3663
3661
3660
3661
3662
3662
3662
3662
3662
3661
3661
3661
3660
3661
3662
3663
3663
3661
3660
3662
3664
3665
3666
3666
3664
3664
3664
3663
3663
3664
3664
3661
3662
3663
3663
3661
3660
3660
3661
3661
3662
3663
3664
3663
3661
3660
3661
3662
3661
3660
3661
3663
3662
3661
3660
3660
3660
3660
3660
3660
3660
3660
3661
3662
3663
3662
3661
3661
3660
3662
3664
3665
3667
3669
3669
3668
3666
3667
3668
3668
3670
3670
3670
3670
3670
3670
3670
3670
3670
3670
3670
3670
3670
3670
3670
3670
3670
3670
3670
3670
3670
3671
3671
3670
3670
3671
3671
3670
3670
3672
3673
3674
3674
3674
3677
3677
3677
3676
3676
3677
3678
3678
3677
3679
3680
3678
3676
3676
3677
3677
3674
3675
3677
3677
3677
3676
3678
3679
3677
3677
3679
3679
3679
3679
3679
3680
3680
3679
3679
3680
3680
3680
3680
3680
3680
3680
3680
3680
3680
3680
3680
3680
3680
3680
3680
3680
3680
3681
3681
3680
3680
3680
3680
3680
3680
3680
3680
3680
3681
3681
3680
3680
3681
3681
3681
3683
3683
3681
3682
3682
3682
3684
3684
3684
3683
3684
3684
3683
3684
3683
3684
3683
3681
3683
3682
3681
3684
3686
3686
3687
3689
3690
3690
3688
3687
3688
3689
3690
3690
3690
3690
3690
3690
3690
3690
3690
3690
3690
3690
3690
3690
3690
3690
3690
3691
3691
3690
3690
3690
3690
3690
3690
3691
3691
3690
3690
3691
3692
3694
3693
3692
3693
3692
3692
3692
3694
3695
3693
3692
3691
3691
3693
3695
3696
3698
3700
3698
3695
3695
3697
3698
3699
3700
3700
3700
3700
3700
3700
3700
3700
3700
3700
3700
3700
3701
3703
3702
3701
3702
3704
3707
3706
3705
3706
3706
3704
3705
3708
3709
3709
3709
3709
3709
3707
3709
3710
3709
3709
3709
3708
3708
3710
3709
3709
3710
3710
3710
3710
3710
3710
3710
3710
3710
3710
3710
3710
3711
3711
3710
3711
3711
3710
3711
3711
3710
3710
3710
3712
3713
3712
3713
3714
3713
3714
3714
3714
3714
3715
3718
3717
3715
3714
3714
3714
3714
3717
3718
3719
3720
3720
3719
3718
3718
3719
3720
3720
3719
3719
3720
3720
3720
3720
3720
3720
3720
3720
3721
3721
3722
3721
3721
3725
3727
3728
3727
3726
3728
3727
3728
3730
3730
3729
3729
3730
3730
3730
3730
3730
3730
3730
3730
3731
3731
3730
3730
3730
3730
3730
3731
3733
3732
3732
3733
3733
3732
3733
3736
3734
3734
3735
3735
3738
3739
3737
3738
3740
3739
3739
3740
3739
3739
3740
3740
3740
3740
3740
3740
3740
3740
3740
3740
3740
3740
3740
3740
3740
3740
3741
3740
3742
3743
3742
3742
3742
3742
3742
3743
3744
3746
3746
3745
3746
3747
3747
3748
3750
3749
3748
3749
3749
3748
3749
3750
3750
3750
3750
3750
3750
3750
3750
3750
3750
3750
3750
3750
3750
3750
3750
3750
3750
3750
3750
3752
3752
3750
3750
3751
3751
3751
3751
3752
3752
3751
3751
3752
3754
3752
3752
3754
3754
3754
3753
3754
3754
3753
3751
3752
3754
3752
3752
3755
3754
3752
3752
3753
3752
3751
3751
3753
3755
3756
3755
3753
3755
3755
3753
3751
3750
3750
3750
3750
3750
3751
3751
3750
3750
3750
3750
3750
3752
3752
3751
3754
3753
3751
3751
3752
3751
3750
3750
3750
3750
3751
3752
3753
3753
3753
3754
3754
3753
3751
3752
3752
3752
3753
3751
3751
3751
3750
3750
3751
3751
3750
3752
3754
3753
3751
3752
3754
3753
3753
3756
3754
3753
3756
3754
3755
3757
3755
3753
3754
3753
3753
3755
3756
3757
3756
3758
3759
3759
3757
3756
3758
3759
3760
3760
3760
3760
3760
3759
3759
3760
3759
3759
3760
3759
3759
3759
3759
3760
3759
3758
3759
3758
3758
3759
3758
3756
3757
3758
3757
3758
3759
3759
3758
3758
3759
3760
3760
3760
3760
3760
3760
3760
3760
3760
3760
3760
3760
3760
3760
3760
3760
3760
3760
3760
3760
3760
3761
3760
3760
3760
3760
3760
3760
3761
3761
3760
3760
3760
3760
3760
3760
3759
3759
3760
3760
3760
3760
3760
3760
3760
3760
3760
3760
3760
3760
3760
3760
3759
3758
3758
3759
3760
3759
3758
3757
3755
3754
3756
3757
3757
3757
3755
3755
3756
3757
3758
3759
3757
3754
3754
3754
3755
3756
3757
3759
3759
3757
3756
3758
3759
3759
3758
3758
3758
3757
3758
3757
3758
3760
3759
3759
3759
3758
3758
3759
3759
3758
3758
3759
3760
3760
3760
3759
3759
3760
3759
3758
3759
3760
3760
3760
3760
3760
3760
3760
3760
3760
3760
3760
3761
3761
3760
3760
3760
3760
3760
3760
3760
3760
3760
3760
3762
3761
3760
3760
3760
3760
3761
3761
3761
3761
3760
3762
3762
3760
3760
3760
3760
3760
3760
3760
3760
3760
3759
3759
3760
3760
3760
3760
3758
3758
3760
3758
3759
3760
3760
3758
3756
3758
3758
3757
3759
3759
3759
3758
3759
3758
3758
3760
3760
3760
3760
3760
3760
3760
3760
3760
3760
3760
3760
3759
3758
3759
3760
3760
3759
3759
3760
3760
3759
3759
3760
3760
3760
3760
3759
3759
3760
3760
3760
3759
3759
3760
3760
3760
3760
3760
3760
3760
3761
3761
3760
3760
3761
3761
3760
3760
3760
3760
3761
3761
3760
3760
3760
3760
3760
3760
3760
3760
3760
3761
3761
3761
3760
3760
3760
3760
3760
3760
3760
3760
3760
3760
3760
3760
3760
3760
3760
3760
3760
3760
3760
3759
3759
3760
3760
3759
3759
3760
3759
3759
3760
3760
3760
3760
3760
3760
3760
3760
3760
3760
3760
3760
3760
3760
3760
3760
3760
3760
3760
3760
3760
3760
3760
3760
3760
3761
3764
3764
3762
3762
3762
3763
3763
3761
3761
3763
3765
3764
3762
3762
3768
3768
3764
3765
3767
3766
3766
3766
3765
3765
3766
3768
3768
3769
3770
3769
3768
3767
3767
3768
3769
3769
3766
3764
3764
3765
3765
3763
3763
3764
3763
3763
3763
3761
3761
3761
3761
3762
3761
3760
3760
3760
3760
3760
3760
3760
3760
3760
3760
3760
3760
3760
3760
3760
3760
3760
3760
3760
3758
3758
3760
3759
3759
3760
3760
3760
3759
3759
3760
3760
3758
3757
3759
3759
3759
3760
3759
3758
3757
3758
3759
3757
3756
3757
3757
3757
3758
3758
3759
3760
3760
3760
3760
3759
3757
3757
3759
3759
3758
3758
3759
3758
3757
3758
3758
3757
3758
3760
3760
3760
3760
3760
3760
3759
3759
3760
3760
3760
3760
3760
3760
3760
3759
3759
3760
3760
3760
3760
3760
3760
3760
3760
3760
3760
3760
3760
3759
3759
3760
3759
3760
3760
3760
3760
3760
3758
3758
3760
3760
3760
3760
3760
3760
3760
3760
3760
3760
3760
3760
3760
3760
3760
3760
3760
3760
3760
3760
3760
3760
3760
3760
3760
3760
3760
3760
3760
3760
3760
3760
3760
3760
3760
3759
3759
3760
3760
3759
3759
3760
3760
3760
3760
3759
3759
3759
3758
3759
3760
3759
3759
3759
3759
3760
3758
3758
3760
3760
3759
3759
3760
3760
3760
3760
3760
3760
3760
3760
3759
3759
3760
3760
3760
3760
3760
3760
3760
3760
3760
3760
3760
3760
3760
3760
3760
3760
3760
3760
3760
3760
3760
3759
3759
3759
3759
3760
3760
3760
3760
3758
3757
3758
3759
3760
3759
3757
3757
3756
3755
3757
3757
3756
3755
3753
3751
3751
3751
3752
3752
3750
3750
3750
3750
3751
3751
3750
3750
3750
3750
3750
3750
3750
3750
3750
3750
3750
3749
3749
3750
3750
3750
3748
3747
3745
3745
3747
3748
3748
3746
3745
3743
3747
3747
3742
3743
3744
3743
3745
3743
3743
3742
3740
3740
3740
3740
3740
3739
3739
3740
3740
3740
3739
3739
3740
3740
3740
3740
3740
3740
3740
3740
3740
3740
3740
3740
3740
3740
3739
3739
3740
3740
3740
3740
3740
3738
3738
3740
3740
3740
3740
3740
3740
3740
3740
3740
3740
3741
3741
3741
3741
3741
3740
3740
3740
3740
3740
3740
3740
3740
3740
3739
3738
3739
3740
3740
3740
3740
3740
3740
3740
3740
3740
3740
3740
3740
3739
3738
3738
3739
3740
3738
3738
3737
3738
3739
3736
3737
3739
3738
3737
3736
3737
3737
3735
3734
3733
3735
3737
3736
3738
3737
3736
3737
3734
3735
3737
3737
3738
3738
3738
3735
3733
3734
3733
3731
3731
3732
3732
3734
3734
3731
3730
3730
3730
3730
3731
3731
3730
3730
3730
3730
3731
3731
3730
3731
3731
3731
3732
3731
3732
3733
3732
3730
3730
3730
3731
3731
3731
3731
3731
3731
3731
3731
3731
3730
3730
3730
3731
3731
3731
3730
3730
3730
3730
3730
3730
3730
3730
3730
3730
3730
3730
3730
3730
3730
3730
3730
3730
3730
3730
3730
3730
3730
3730
3730
3730
3730
3730
3728
3728
3729
3729
3730
3729
3726
3725
3727
3728
3726
3725
3726
3725
3724
3724
3723
3722
3724
3724
3722
3721
3720
3720
3720
3720
3720
3720
3720
3720
3721
3721
3720
3720
3720
3720
3720
3721
3721
3720
3720
3720
3720
3720
3720
3720
3720
3720
3720
3720
3720
3720
3720
3720
3720
3720
3720
3718
3717
3718
3718
3717
3718
3718
3717
3716
3716
3717
3719
3719
3717
3717
3718
3716
3715
3713
3713
3715
3714
3713
3711
3712
3713
3711
3710
3711
3711
3710
3710
3710
3710
3710
3710
3710
3710
3710
3710
3710
3710
3710
3710
3710
3710
3710
3709
3708
3708
3707
3708
3708
3707
3706
3704
3705
3707
3705
3702
3702
3703
3702
3702
3702
3701
3701
3701
3700
3700
3700
3702
3701
3700
3700
3700
3700
3700
3701
3701
3700
3700
3700
3700
3700
3700
3700
3700
3700
3700
3699
3699
3700
3700
3700
3700
3699
3700
3700
3699
3699
3698
3699
3699
3699
3700
3699
3699
3700
3700
3699
3698
3698
3698
3698
3699
3699
3697
3696
3695
3694
3694
3695
3695
3694
3692
3693
3693
3691
3691
3691
3692
3691
3690
3690
3690
3690
3690
3690
3690
3690
3690
3690
3690
3690
3690
3690
3690
3690
3690
3690
3690
3690
3690
3690
3690
3690
3689
3689
3689
3688
3689
3690
3690
3690
3690
3688
3685
3687
3689
3689
3690
3687
3685
3686
3684
3683
3685
3684
3682
3682
3684
3684
3683
3681
3680
3680
3681
3682
3682
3681
3681
3681
3682
3682
3680
3680
3680
3680
3680
3680
3680
3680
3680
3680
3680
3680
3680
3680
3680
3680
3680
3680
3680
3680
3680
3680
3680
3680
3680
3680
3680
3680
3680
3680
3680
3681
3681
3680
3680
3680
3680
3680
3680
3681
3681
3680
3680
3680
3680
3680
3680
3680
3680
3681
3681
3680
3680
3679
3679
3679
3679
3680
3680
3680
3680
3680
3680
3680
3680
3680
3679
3679
3679
3679
3679
3679
3680
3679
3679
3680
3680
3680
3680
3680
3680
3680
3680
3680
3680
3680
3680
3680
3680
3680
3680
3680
3680
3680
3680
3680
3680
3680
3680
3680
3680
3680
3680
3681
3681
3681
3682
3681
3680
3680
3680
3680
3680
3680
3680
3680
3680
3680
3680
3681
3681
3680
3680
3680
3680
3680
3680
3680
3680
3680
3680
3680
3680
3681
3680
3680
3679
3678
3679
3679
3679
3680
3679
3676
3676
3679
3679
3678
3678
3677
3676
3678
3677
3673
3671
3672
3673
3672
3672
3672
3671
3671
3671
3671
3671
3671
3672
3671
3670
3670
3671
3672
3671
3670
3670
3671
3671
3670
3670
3672
3672
3670
3671
3672
3672
3671
3671
3671
3671
3672
3671
3670
3670
3672
3673
3671
3670
3670
3674
3674
3670
3672
3672
3671
3671
3671
3674
3673
3671
3672
3671
3670
3671
3672
3671
3670
3671
3673
3672
3671
3672
3672
3674
3675
3673
3672
3672
3673
3674
3674
3672
3672
3673
3673
3673
3673
3674
3674
3672
3671
3672
3671
3672
3672
3671
3670
3670
3672
3672
3670
3670
3671
3671
3672
3673
3671
3670
3670
3670
3670
3670
3670
3670
3670
3670
3670
3670
3670
3670
3670
3670
3670
3670
3670
3671
3671
3670
3670
3670
3670
3670
3670
3670
3670
3670
3670
3670
3670
3670
3669
3669
3670
3670
3670
3669
3669
3670
3670
3670
3670
3670
3670
3670
3670
3670
3668
3667
3669
3669
3669
3669
3669
3669
3666
3665
3666
3664
3663
3664
3664
3663
3662
3664
3664
3663
3662
3660
3660
3660
3660
3660
3660
3660
3660
3660
3660
3660
3660
3658
3658
3658
3656
3656
3657
3655
3656
3655
3652
3654
3653
3651
3651
3651
3650
3650
3650
3650
3650
3650
3650
3650
3650
3650
3650
3650
3650
3650
3650
3650
3650
3650
3649
3649
3650
3650
3650
3650
3650
3648
3646
3647
3646
3646
3648
3648
3646
3645
3646
3646
3644
3641
3645
3648
3645
3645
3645
3645
3644
3643
3642
3643
3644
3643
3642
3642
3642
3641
3640
3641
3641
3640
3640
3640
3640
3640
3640
3640
3640
3640
3640
3640
3640
3640
3640
3640
3640
3639
3638
3637
3636
3637
3637
3638
3637
3634
3634
3635
3632
3634
3636
3633
3631
3632
3634
3631
3632
3633
3633
3633
3631
3630
3631
3631
3632
3635
3633
3631
3630
3630
3630
3630
3630
3630
3631
3632
3634
3632
3631
3633
3634
3633
3632
3632
3631
3631
3631
3631
3631
3632
3632
3630
3633
3633
3631
3632
3633
3634
3633
3632
3631
3630
3631
3633
3635
3637
3634
3631
3632
3633
3636
3637
3635
3633
3631
3630
3630
3630
3630
3631
3631
3631
3634
3632
3630
3630
3631
3632
3631
3630
3631
3633
3632
3632
3632
3633
3633
3631
3630
3632
3632
3630
3630
3630
3632
3632
3630
3630
3630
3630
3630
3630
3630
3630
3630
3630
3629
3629
3630
3630
3628
3627
3629
3630
3630
3630
3630
3630
3630
3630
3630
3630
3630
3630
3630
3630
3630
3630
3630
3631
3631
3630
3630
3630
3630
3630
3630
3631
3631
3630
3630
3630
3630
3630
3630
3630
3630
3630
3630
3630
3630
3630
3630
3630
3630
3630
3630
3630
3630
3630
3630
3630
3631
3631
3630
3631
3631
3630
3630
3631
3631
3630
3630
3631
3632
3630
3633
3634
3631
3630
3630
3630
3631
3631
3630
3631
3633
3633
3632
3631
3630
3630
3631
3632
3632
3630
3630
3631
3633
3632
3633
3634
3631
3631
3633
3635
3633
3632
3634
3633
3633
3633
3631
3634
3636
3635
3638
3638
3635
3637
3639
3637
3635
3634
3634
3633
3631
3631
3631
3633
3632
3631
3631
3630
3631
3632
3630
3631
3635
3634
3631
3632
3632
3633
3634
3634
3634
3636
3638
3637
3639
3639
3638
3638
3638
3638
3639
3638
3637
3638
3639
3639
3638
3637
3637
3639
3638
3637
3638
3639
3640
3638
3638
3640
3638
3638
3640
3638
3636
3638
3638
3638
3638
3636
3636
3636
3637
3636
3634
3633
3632
3632
3633
3633
3635
3634
3632
3633
3632
3633
3632
3631
3633
3634
3632
3631
3632
3632
3632
3633
3633
3632
3632
3634
3633
3634
3633
3630
3630
3632
3632
3632
3635
3636
3635
3635
3633
3632
3631
3630
3634
3635
3632
3634
3635
3633
3632
3632
3634
3636
3634
3634
3633
3634
3638
3637
3636
3636
3636
3638
3637
3639
3637
3634
3636
3639
3639
3639
3640
3640
3640
3640
3638
3638
3639
3639
3640
3639
3637
3638
3640
3640
3640
3640
3639
3638
3639
3640
3640
3639
3639
3640
3640
3640
3639
3639
3639
3638
3639
3640
3640
3640
3640
3640
3639
3639
3639
3639
3640
3639
3639
3640
3640
3640
3640
3640
3640
3640
3640
3640
3640
3640
3640
3639
3639
3640
3640
3640
3640
3640
3640
3642
3641
3640
3640
3640
3641
3644
3645
3644
3643
3644
3644
3644
3644
3645
3647
3648
3648
3645
3644
3646
3647
3647
3647
3648
3649
3650
3650
3649
3649
3650
3650
3650
3649
3649
3650
3650
3650
3650
3650
3650
3650
3650
3650
3650
3650
3650
3650
3650
3650
3650
3650
3650
3650
3650
3650
3650
3650
3650
3650
3649
3649
3650
3650
3649
3649
3650
3650
3650
3650
3650
3650
3650
3650
3650
3650
3650
3650
3650
3650
3650
3650
3650
3650
3650
3651
3651
3652
3652
3651
3651
3651
3653
3652
3654
3654
3654
3658
3658
3656
3657
3658
3657
3658
3659
3658
3659
3659
3659
3660
3660
3660
3660
3660
3660
3660
3660
3661
3661
3660
3660
3660
3660
3660
3660
3661
3661
3662
3663
3662
3662
3661
3662
3663
3663
3663
3661
3661
3662
3663
3663
3662
3664
3662
3661
3663
3663
3662
3665
3664
3662
3663
3663
3662
3663
3664
3663
3665
3664
3663
3664
3663
3663
3662
3664
3665
3665
3664
3663
3667
3669
3667
3666
3665
3664
3664
3667
3668
3667
3669
3670
3670
3670
3670
3670
3670
3670
3670
3670
3670
3670
3670
3670
3670
3670
3670
3670
3670
3670
3670
3670
3670
3671
3671
3671
3674
3677
3677
3677
3679
3680
3679
3678
3679
3678
3678
3680
3680
3680
3680
3680
3680
3680
3680
3680
3680
3681
3682
3681
3680
3680
3680
3680
3682
3683
3682
3681
3683
3685
3683
3682
3684
3684
3682
3684
3684
3681
3681
3683
3683
3681
3682
3683
3681
3682
3684
3686
3689
3690
3687
3687
3687
3687
3689
3690
3690
3690
3690
3690
3690
3690
3690
3690
3690
3690
3690
3690
3690
3691
3692
3691
3690
3690
3690
3690
3690
3690
3690
3692
3694
3693
3695
3694
3692
3693
3694
3694
3693
3695
3698
3699
3698
3698
3698
3697
3698
3697
3696
3697
3699
3700
3700
3700
3700
3700
3700
3700
3700
3700
3700
3700
3701
3700
3700
3700
3700
3700
3700
3701
3703
3702
3700
3701
3700
3700
3702
3704
3703
3702
3703
3704
3704
3704
3705
3705
3707
3708
3706
3704
3706
3709
3708
3708
3709
3710
3709
3708
3708
3709
3709
3711
3711
3707
3708
3708
3707
3708
3709
3710
3710
3710
3710
3709
3709
3710
3710
3710
3710
3710
3710
3710
3710
3710
3710
3712
3712
3710
3711
3711
3711
3712
3714
3716
3717
3715
3716
3719
3720
3720
3720
3719
3719
3720
3720
3720
3720
3720
3720
3720
3720
3720
3720
3720
3720
3720
3720
3720
3720
3720
3721
3721
3720
3720
3723
3724
3721
3721
3722
3723
3723
3724
3725
3724
3724
3724
3724
3726
3727
3727
3726
3726
3727
3727
3726
3727
3726
3727
3728
3727
3726
3727
3727
3726
3725
3724
3724
3725
3727
3727
3726
3728
3728
3725
3725
3727
3727
3728
3730
3728
3727
3729
3730
3730
3730
3728
3728
3730
3730
3730
3730
3730
3729
3729
3730
3730
3730
3731
3732
3730
3732
3732
3730
3730
3730
3730
3730
3730
3731
3734
3733
3733
3734
3733
3733
3733
3734
3734
3733
3737
3735
3732
3732
3733
3733
3732
3731
3733
3736
3738
3737
3735
3734
3732
3731
3731
3733
3732
3730
3730
3731
3730
3732
3734
3734
3733
3731
3732
3735
3736
3734
3735
3737
3736
3738
3739
3738
3738
3739
3740
3740
3740
3740
3740
3740
3739
3739
3740
3740
3740
3740
3740
3740
3740
3741
3741
3741
3741
3741
3742
3742
3741
3744
3746
3745
3748
3749
3749
3748
3748
3749
3749
3750
3750
3750
3749
3749
3751
3754
3753
3751
3751
3751
3751
3753
3755
3754
3755
3758
3757
3756
3754
3756
3757
3757
3759
3759
3758
3759
3760
3760
3759
3758
3759
3760
3760
3760
3760
3760
3760
3760
3760
3760
3760
3760
3760
3760
3760
3760
3760
3760
3760
3760
3760
3760
3760
3760
3760
3760
3760
3760
3760
3760
3760
3761
3762
3762
3761
3760
3760
3762
3762
3761
3762
3764
3763
3761
3765
3769
3768
3769
3770
3769
3768
3768
3767
3768
3768
3767
3768
3769
3770
3770
3770
3770
3770
3770
3770
3770
3770
3770
3770
3770
3770
3770
3770
3770
3770
3770
3770
3770
3770
3770
3770
3770
3770
3770
3770
3771
3772
3771
3770
3771
3772
3772
3772
3774
3777
3775
3772
3775
3774
3774
3776
3779
3778
3777
3777
3778
3778
3776
3778
3780
3779
3778
3777
3778
3780
3780
3780
3778
3777
3778
3778
3777
3777
3778
3779
3779
3778
3779
3779
3778
3779
3779
3778
3779
3779
3779
3779
3779
3780
3780
3780
3780
3780
3780
3780
3779
3779
3780
3780
3780
3780
3780
3779
3777
3777
3777
3775
3774
3774
3774
3777
3779
3778
3778
3778
3779
3780
3778
3777
3779
3779
3779
3777
3777
3776
3776
3777
3777
3778
3777
3777
3778
3778
3779
3780
3782
3782
3779
3779
3780
3780
3780
3779
3779
3779
3779
3781
3781
3780
3780
3780
3780
3780
3780
3780
3780
3780
3780
3780
3780
3780
3780
3780
3780
3780
3780
3780
3780
3780
3781
3781
3780
3780
3781
3782
3781
3781
3782
3783
3785
3783
3783
3783
3782
3781
3783
3786
3786
3788
3788
3787
3789
3787
3785
3788
3789
3789
3789
3789
3790
3790
3790
3790
3790
3790
3790
3790
3790
3789
3789
3790
3790
3790
3790
3790
3790
3791
3791
3790
3790
3790
3791
3791
3790
3790
3790
3790
3790
3790
3790
3790
3790
3790
3790
3790
3790
3790
3790
3790
3790
3790
3790
3790
3790
3790
3790
3790
3790
3790
3790
3790
3790
3790
3790
3790
3790
3790
3790
3790
3790
3790
3790
3790
3790
3790
3790
3790
3790
3790
3790
3789
3789
3790
3790
3789
3788
3789
3789
3789
3790
3789
3788
3789
3789
3789
3790
3789
3789
3789
3788
3789
3790
3790
3790
3790
3790
3790
3790
3790
3790
3790
3790
3790
3790
3790
3790
3790
3790
3790
3790
3789
3789
3790
3790
3790
3790
3790
3790
3790
3790
3790
3790
3790
3790
3790
3790
3790
3790
3790
3790
3790
3790
3790
3789
3789
3790
3790
3790
3789
3788
3789
3789
3789
3788
3787
3788
3789
3790
3790
3788
3786
3788
3786
3782
3784
3784
3783
3786
3784
3783
3784
3781
3782
3783
3785
3786
3785
3788
3786
3784
3786
3786
3785
3782
3785
3787
3788
3790
3790
3790
3790
3790
3789
3788
3788
3788
3788
3788
3789
3790
3790
3790
3790
3790
3789
3787
3788
3789
3788
3788
3789
3790
3789
3789
3790
3789
3789
3790
3789
3788
3789
3790
3788
3788
3790
3790
3790
3790
3790
3789
3789
3790
3790
3790
3790
3790
3790
3790
3790
3790
3790
3790
3790
3790
3790
3790
3792
3792
3789
3788
3789
3790
3790
3790
3790
3789
3789
3790
3790
3789
3788
3787
3787
3789
3789
3788
3787
3787
3788
3787
3787
3787
3784
3784
3785
3783
3781
3782
3783
3783
3783
3784
3783
3783
3782
3780
3785
3785
3783
3784
3783
3784
3783
3781
3781
3782
3784
3784
3784
3785
3783
3783
3784
3783
3783
3785
3784
3784
3785
3782
3781
3783
3785
3784
3781
3780
3780
3780
3780
3780
3780
3780
3780
3780
3780
3780
3780
3780
3779
3779
3780
3780
3780
3780
3778
3776
3777
3777
3775
3776
3775
3773
3774
3772
3772
3773
3771
3771
3770
3770
3770
3770
3769
3769
3770
3770
3770
3769
3769
3770
3770
3770
3770
3770
3770
3770
3769
3768
3769
3770
3769
3768
3767
3766
3767
3768
3768
3769
3769
3767
3766
3768
3769
3767
3766
3766
3763
3762
3766
3766
3765
3764
3763
3761
3761
3764
3765
3762
3761
3762
3763
3762
3760
3760
3760
3761
3760
3760
3760
3761
3761
3760
3761
3761
3761
3761
3760
3760
3760
3760
3760
3760
3760
3760
3760
3760
3760
3760
3760
3760
3760
3760
3759
3758
3758
3759
3760
3759
3758
3759
3760
3758
3756
3758
3759
3755
3753
3754
3753
3753
3753
3751
3752
3752
3751
3750
3750
3750
3750
3750
3750
3750
3749
3748
3748
3749
3749
3749
3750
3750
3749
3748
3749
3747
3744
3746
3745
3746
3747
3744
3745
3747
3748
3746
3743
3743
3743
3743
3743
3742
3741
3741
3743
3743
3743
3742
3741
3741
3741
3741
3740
3740
3740
3741
3742
3741
3741
3741
3741
3741
3740
3741
3741
3740
3740
3740
3740
3740
3740
3740
3740
3740
3740
3740
3740
3740
3740
3740
3740
3739
3737
3738
3738
3738
3739
3739
3739
3736
3734
3734
3734
3735
3733
3731
3730
3730
3730
3731
3731
3731
3731
3731
3731
3730
3730
3730
3730
3730
3730
3730
3730
3730
3730
3730
3730
3730
3730
3730
3730
3729
3729
3728
3728
3730
3730
3730
3729
3727
3728
3729
3728
3728
3726
3726
3727
3725
3725
3726
3725
3721
3721
3724
3723
3723
3724
3722
3721
3722
3721
3720
3720
3720
3720
3721
3721
3720
3720
3720
3720
3720
3720
3720
3720
3720
3720
3720
3720
3720
3720
3720
3720
3719
3719
3720
3720
3720
3720
3720
3720
3720
3720
3720
3719
3718
3719
3720
3720
3719
3719
3719
3718
3718
3717
3716
3718
3718
3716
3716
3715
3714
3716
3716
3715
3717
3715
3713
3713
3711
3710
3712
3713
3713
3713
3711
3711
3713
3712
3710
3711
3712
3711
3711
3712
3712
3712
3711
3711
3711
3710
3710
3712
3711
3710
3711
3711
3710
3710
3710
3710
3710
3712
3712
3710
3710
3710
3710
3710
3710
3710
3710
3710
3710
3710
3710
3710
3710
3710
3710
3707
3707
3710
3708
3708
3709
3709
3710
3710
3710
3709
3708
3708
3706
3705
3707
3707
3707
3707
3707
3707
3703
3704
3703
3701
3701
3703
3705
3702
3700
3700
3700
3700
3701
3701
3700
3700
3701
3701
3700
3700
3700
3700
3700
3700
3700
3700
3700
3700
3700
3700
3700
3699
3699
3700
3700
3700
3698
3697
3698
3698
3697
3695
3692
3691
3693
3694
3694
3693
3692
3693
3693
3693
3693
3692
3691
3690
3690
3690
3690
3690
3690
3690
3690
3690
3690
3690
3690
3690
3690
3690
3690
3690
3690
3690
3689
3689
3690
3690
3690
3690
3690
3690
3689
3689
3690
3689
3688
3689
3690
3689
3688
3687
3686
3687
3689
3689
3687
3687
3687
3687
3685
3686
3687
3684
3684
3685
3682
3683
3683
3681
3680
3681
3682
3681
3680
3680
3680
3680
3680
3680
3680
3680
3680
3680
3681
3681
3680
3680
3680
3680
3680
3680
3680
3680
3680
3680
3680
3681
3680
3680
3680
3680
3680
3680
3680
3680
3681
3681
3680
3680
3680
3680
3680
3680
3680
3680
3680
3680
3680
3680
3680
3680
3680
3680
3680
3680
3680
3680
3680
3680
3680
3680
3680
3680
3680
3680
3680
3680
3680
3679
3679
3679
3679
3678
3676
3678
3680
3680
3679
3678
3675
3676
3678
3674
3671
3671
3671
3670
3670
3671
3673
3672
3673
3672
3670
3670
3670
3670
3670
3670
3670
3670
3670
3670
3671
3671
3670
3670
3670
3672
3672
3670
3670
3670
3670
3670
3670
3670
3670
3670
3670
3670
3670
3670
3670
3670
3670
3670
3670
3670
3670
3670
3670
3670
3669
3669
3670
3670
3670
3670
3670
3670
3670
3670
3670
3670
3670
3669
3668
3669
3670
3670
3668
3667
3668
3669
3669
3669
3670
3670
3669
3666
3666
3669
3669
3667
3665
3665
3667
3666
3664
3664
3664
3664
3663
3662
3662
3662
3662
3661
3662
3662
3661
3661
3660
3660
3660
3660
3660
3660
3660
3660
3660
3660
3660
3660
3660
3660
3660
3660
3660
3660
3660
3660
3660
3660
3660
3660
3660
3659
3659
3660
3660
3660
3660
3660
3660
3660
3660
3660
3660
3660
3660
3660
3660
3660
3660
3660
3660
3660
3660
3660
3660
3660
3660
3660
3660
3660
3659
3658
3659
3660
3659
3658
3656
3656
3656
3657
3658
3655
3656
3658
3654
3652
3655
3657
3659
3658
3656
3656
3656
3654
3653
3654
3653
3654
3655
3654
3652
3652
3652
3652
3653
3654
3653
3651
3653
3654
3651
3650
3651
3651
3650
3651
3652
3651
3650
3650
3650
3650
3650
3650
3650
3650
3650
3650
3650
3650
3650
3650
3650
3650
3651
3651
3650
3649
3649
3650
3650
3650
3650
3650
3650
3650
3649
3650
3650
3650
3648
3648
3650
3650
3648
3648
3649
3647
3647
3649
3650
3650
3650
3650
3650
3650
3650
3650
3650
3650
3650
3650
3650
3650
3650
3650
3650
3650
3650
3650
3650
3650
3650
3650
3650
3650
3650
3650
3650
3650
3650
3650
3650
3650
3650
3650
3650
3650
3650
3650
3650
3650
3650
3650
3650
3650
3650
3650
3651
3651
3650
3650
3650
3650
3650
3650
3650
3650
3650
3650
3649
3649
3649
3647
3648
3650
3650
3650
3650
3649
3648
3648
3648
3649
3650
3650
3649
3649
3650
3649
3648
3649
3650
3650
3650
3650
3650
3650
3650
3650
3650
3650
3650
3650
3650
3650
3650
3650
3650
3650
3650
3650
3650
3651
3651
3651
3651
3651
3653
3653
3653
3655
3653
3651
3651
3652
3656
3656
3656
3655
3654
3653
3656
3658
3657
3655
3655
3657
3656
3655
3654
3653
3654
3652
3653
3655
3657
3656
3653
3655
3653
3651
3652
3651
3651
3652
3652
3653
3652
3654
3653
3652
3653
3651
3653
3654
3653
3651
3652
3653
3654
3654
3652
3651
3651
3653
3654
3653
3652
3651
3653
3655
3654
3655
3654
3656
3659
3658
3658
3658
3659
3660
3658
3658
3659
3659
3660
3659
3658
3658
3659
3660
3659
3657
3659
3660
3660
3660
3660
3660
3660
3660
3660
3660
3660
3660
3660
3660
3660
3660
3660
3660
3660
3660
3660
3660
3660
3660
3660
3660
3660
3660
3660
3660
3660
3660
3660
3660
3660
3660
3660
3660
3660
3660
3660
3660
3660
3660
3660
3660
3660
3659
3659
3659
3659
3660
3660
3660
3660
3660
3660
3660
3660
3660
3660
3660
3660
3660
3660
3661
3660
3660
3660
3660
3660
3660
3660
3660
3661
3661
3660
3660
3660
3660
3660
3660
3661
3661
3660
3661
3661
3660
3660
3660
3660
3660
3660
3660
3659
3659
3660
3660
3658
3658
3660
3659
3659
3660
3660
3660
3660
3660
3660
3660
3660
3660
3660
3660
3660
3660
3660
3660
3660
3660
3660
3660
3660
3660
3660
3660
3661
3661
3660
3661
3663
3663
3663
3663
3662
3661
3661
3662
3662
3662
3664
3663
3665
3664
3662
3663
3664
3663
3660
3661
3664
3664
3662
3662
3663
3664
3665
3666
3665
3664
3665
3667
3664
3663
3665
3666
3666
3667
3667
3665
3665
3667
3668
3666
3665
3668
3669
3667
3666
3667
3669
3668
3667
3669
3668
3667
3669
3669
3669
3669
3669
3667
3667
3670
3670
3670
3670
3670
3669
3669
3670
3669
3669
3670
3670
3670
3670
3670
3669
3669
3670
3670
3670
3670
3670
3670
3670
3672
3671
3670
3670
3670
3670
3670
3670
3670
3670
3670
3670
3670
3670
3670
3671
3672
3671
3670
3670
3671
3673
3673
3671
3671
3671
3671
3671
3670
3670
3671
3671
3670
3672
3674
3673
3673
3674
3673
3672
3675
3676
3675
3676
3677
3679
3680
3680
3679
3679
3680
3680
3680
3680
3680
3680
3680
3680
3680
3680
3680
3680
3680
3680
3680
3681
3681
3681
3681
3680
3681
3682
3681
3680
3680
3680
3681
3683
3683
3681
3680
3680
3682
3681
3681
3682
3682
3682
3682
3683
3686
3684
3682
3684
3685
3684
3684
3683
3684
3686
3685
3686
3686
3685
3686
3683
3682
3683
3681
3682
3683
3683
3684
3685
3683
3680
3680
3681
3683
3683
3683
3684
3684
3683
3682
3684
3683
3683
3684
3686
3684
3682
3683
3682
3684
3683
3684
3687
3685
3684
3685
3687
3689
3689
3690
3690
3690
3690
3690
3690
3690
3690
3690
3690
3690
3690
3690
3690
3690
3690
3690
3690
3690
3690
3690
3690
3690
3690
3690
3692
3693
3690
3690
3690
3690
3690
3690
3691
3692
3693
3693
3694
3693
3691
3691
3691
3691
3692
3691
3690
3692
3695
3695
3695
3693
3694
3696
3693
3692
3694
3696
3696
3695
3692
3691
3694
3697
3696
3692
3694
3698
3696
3695
3695
3694
3696
3695
3695
3697
3697
3697
3695
3694
3698
3698
3695
3696
3697
3697
3697
3697
3699
3699
3699
3700
3700
3700
3700
3700
3700
3700
3700
3700
3700
3700
3700
3702
3703
3701
3700
3700
3700
3702
3703
3702
3702
3704
3704
3703
3704
3702
3701
3703
3702
3703
3705
3704
3704
3703
3705
3704
3703
3704
3703
3703
3704
3706
3705
3704
3704
3703
3702
3703
3704
3706
3705
3702
3702
3704
3703
3704
3705
3705
3704
3704
3707
3707
3707
3707
3706
3704
3704
3706
3706
3703
3704
3705
3706
3708
3707
3705
3706
3709
3709
3708
3708
3709
3708
3706
3706
3708
3710
3710
3709
3708
3709
3709
3709
3710
3709
3709
3710
3710
3710
3710
3709
3709
3710
3710
3710
3710
3710
3710
3709
3709
3710
3710
3710
3710
3710
3710
3710
3710
3710
3710
3710
3710
3710
3710
3710
3711
3713
3712
3710
3710
3713
3714
3712
3714
3713
3713
3713
3712
3713
3712
3710
3710
3712
3714
3716
3717
3713
3712
3713
3712
3713
3714
3712
3713
3714
3713
3713
3713
3714
3714
3713
3713
3711
3713
3717
3713
3712
3715
3716
3713
3710
3711
3712
3711
3713
3713
3711
3710
3710
3710
3711
3712
3711
3711
3711
3712
3711
3710
3710
3710
3710
3712
3712
3711
3713
3712
3712
3712
3711
3712
3713
3713
3712
3713
3712
3712
3715
3714
3711
3712
3713
3711
3711
3713
3714
3714
3714
3713
3713
3713
3714
3714
3714
3715
3715
3718
3720
3718
3718
3720
3720
3719
3719
3719
3718
3718
3718
3719
3718
3718
3719
3718
3718
3717
3717
3719
3720
3719
3718
3717
3717
3718
3716
3714
3716
3717
3714
3714
3714
3713
3715
3715
3713
3712
3712
3712
3712
3712
3713
3711
3710
3711
3711
3711
3711
-
file
