1382
1383
1384
1385
1387
1388
1390
1391
1391
1391
1391
1392
1393
1393
1394
1395
1395
1396
1396
1396
1396
1396
1396
1397
1397
1398
1398
1398
1398
1398
1398
1399
1399
1400
1400
1401
1402
1402
1402
1403
1403
1403
1403
1404
1405
1405
1406
1407
1407
1407
1407
1408
1408
1409
1410
1411
1412
1412
1413
1413
1413
1413
1414
1415
1416
1417
1418
1418
1418
1419
1419
1419
1420
1420
1421
1422
1423
1423
1424
1424
1424
1424
1425
1425
1426
1427
1428
1428
1428
1428
1429
1429
1430
1431
1432
1432
1433
1434
1434
1434
1434
1435
1435
1436
1437
1437
1438
1438
1438
1438
1438
1439
1439
1439
1439
1439
1439
1439
1439
1439
1440
1440
1440
1440
1440
1441
1441
1442
1442
1442
1442
1442
1443
1443
1444
1444
1444
1444
1445
1445
1445
1445
1445
1446
1446
1447
1448
1448
1448
1449
1449
1449
1449
1450
1451
1451
1452
1452
1453
1453
1453
1453
1453
1454
1455
1455
1455
1456
1456
1456
1456
1456
1457
1457
1458
1458
1459
1459
1459
1459
1459
1459
1460
1460
1461
1462
1462
1463
1463
1463
1463
1463
1464
1464
1465
1465
1466
1466
1467
1467
1467
1467
1467
1468
1468
1469
1469
1469
1469
1469
1469
1470
1470
1470
1470
1471
1471
1471
1472
1472
1472
1472
1472
1472
1473
1473
1473
1473
1473
1474
1474
1474
1474
1474
1474
1474
1475
1475
1475
1475
1475
1476
1476
1477
1477
1478
1479
1479
1479
1479
1479
1479
1479
1480
1480
1480
1480
1481
1481
1481
1481
1481
1482
1482
1482
1483
1483
1483
1483
1484
1484
1484
1484
1484
1484
1484
1484
1484
1484
1484
1484
1485
1485
1485
1486
1486
1486
1487
1487
1487
1487
1487
1487
1488
1488
1489
1489
1489
1489
1489
1489
1489
1489
1489
1489
1489
1489
1489
1489
1489
1489
1489
1489
1489
1489
1489
1490
1490
1490
1490
1490
1490
1490
1490
1491
1491
1491
1491
1491
1491
1491
1492
1492
1492
1492
1493
1493
1493
1493
1493
1493
1493
1494
1494
1494
1494
1494
1494
1494
1494
1494
1494
1494
1495
1495
1495
1495
1495
1495
1495
1495
1495
1495
1496
1496
1496
1496
1496
1496
1496
1496
1496
1496
1496
1496
1496
1497
1497
1497
1497
1497
1497
1497
1497
1498
1498
1498
1499
1499
1499
1499
1499
1499
1499
1499
1499
1499
1499
1499
1499
1499
1499
1499
1499
1499
1499
1499
1499
1499
1499
1499
1499
1499
1499
1499
1499
1500
1500
1500
1500
1500
1500
1500
1500
1500
1500
1500
1500
1500
1500
1500
1500
1500
1500
1500
1500
1500
1501
1501
1501
1501
1501
1501
1501
1502
1502
1502
1502
1502
1502
1502
1502
1502
1502
1503
1503
1503
1503
1503
1503
1503
1503
1503
1503
1503
1503
1503
1504
1504
1504
1504
1504
1504
1504
1504
1504
1504
1504
1504
1504
1504
1504
1504
1504
1505
1505
1505
1505
1505
1505
1505
1505
1505
1505
1505
1505
1505
1505
1505
1505
1505
1505
1505
1505
1505
1505
1505
1505
1505
1505
1505
1505
1505
1505
1505
1505
1505
1505
1505
1505
1505
1505
1505
1505
1505
1505
1505
1505
1505
1505
1505
1505
1505
1505
1505
1505
1505
1505
1505
1505
1505
1505
1505
1505
1505
1505
1505
1505
1505
1505
1505
1505
1505
1505
1505
1505
1505
1505
1505
1505
1505
1505
1505
1505
1505
1505
1505
1505
1506
1506
1506
1505
1505
1506
1506
1506
1506
1506
1506
1506
1506
1506
1506
1506
1506
1506
1506
1506
1506
1506
1506
1506
1506
1506
1506
1506
1506
1506
1506
1506
1506
1506
1506
1506
1506
1506
1506
1506
1506
1506
1506
1506
1505
1505
1505
1505
1505
1505
1505
1505
1505
1505
1505
1505
1505
1505
1505
1505
1505
1505
1505
1505
1505
1505
1505
1505
1505
1505
1505
1505
1505
1505
1505
1505
1505
1505
1505
1505
1505
1505
1505
1505
1505
1505
1505
1505
1505
1505
1505
1505
1505
1505
1505
1505
1505
1505
1505
1505
1505
1505
1505
1505
1505
1505
1505
1505
1505
1505
1505
1505
1505
1505
1505
1505
1505
1505
1505
1505
1505
1505
1505
1505
1505
1505
1505
1505
1504
1504
1504
1504
1504
1504
1504
1504
1504
1504
1504
1504
1504
1504
1504
1504
1504
1504
1504
1504
1504
1504
1504
1504
1504
1504
1504
1504
1504
1504
1504
1504
1504
1504
1504
1504
1504
1504
1504
1504
1503
1503
1503
1503
1503
1503
1503
1503
1503
1503
1503
1503
1503
1503
1503
1503
1503
1503
1503
1503
1502
1502
1502
1502
1502
1502
1502
1502
1503
1503
1503
1503
1503
1503
1503
1503
1503
1503
1503
1503
1502
1502
1502
1502
1502
1502
1502
1502
1502
1502
1502
1502
1502
1502
1502
1502
1502
1502
1502
1502
1502
1502
1502
1501
1501
1501
1501
1501
1501
1501
1501
1501
1501
1501
1501
1501
1501
1501
1501
1501
1501
1500
1500
1500
1500
1500
1500
1500
1500
1500
1500
1500
1500
1500
1500
1500
1500
1500
1500
1500
1500
1499
1499
1499
1499
1499
1499
1499
1499
1499
1499
1499
1499
1499
1499
1499
1499
1499
1499
1499
1499
1499
1499
1499
1499
1499
1499
1499
1500
1500
1500
1500
1500
1500
1500
1500
1500
1500
1500
1500
1500
1500
1500
1500
1500
1500
1500
1500
1500
1500
1500
1500
1500
1500
1500
1500
1500
1500
1500
1500
1500
1500
1500
1500
1500
1500
1500
1500
1500
1500
1500
1500
1500
1500
1500
1500
1500
1500
1500
1500
1500
1500
1500
1500
1500
1500
1500
1500
1500
1499
1499
1499
1499
1499
1499
1499
1499
1499
1499
1499
1499
1499
1499
1499
1499
1499
1499
1499
1499
1499
1499
1499
1499
1499
1499
1499
1499
1499
1499
1499
1499
1499
1499
1499
1499
1499
1499
1499
1499
1499
1499
1499
1499
1499
1499
1499
1499
1499
1499
1499
1499
1499
1499
1499
1499
1499
1499
1499
1499
1499
1499
1499
1499
1499
1499
1499
1499
1499
1499
1499
1499
1499
1499
1499
1499
1499
1500
1500
1500
1500
1500
1500
1500
1500
1500
1500
1500
1500
1500
1500
1500
1500
1500
1500
1500
1500
1500
1500
1500
1499
1499
1499
1499
1500
1500
1500
1500
1500
1500
1500
1500
1500
1500
1499
1499
1499
1499
1499
1499
1499
1499
1499
1499
1499
1499
1499
1499
1499
1499
1499
1499
1499
1499
1500
1500
1500
1500
1500
1500
1500
1500
1500
1500
1500
1500
1500
1500
1500
1500
1499
1499
1499
1499
1499
1499
1499
1499
1499
1499
1499
1499
1500
1500
1500
1500
1499
1499
1500
1500
1500
1500
1500
1500
1500
1500
1500
1500
1500
1500
1500
1500
1500
1500
1500
1500
1500
1500
1500
1500
1500
1500
1500
1500
1500
1500
1500
1500
1500
1500
1500
1500
1500
1500
1500
1500
1500
1500
1501
1501
1501
1501
1501
1501
1501
1501
1501
1501
1501
1501
1501
1501
1502
1502
1502
1502
1502
1502
1502
1502
1502
1502
1502
1502
1502
1502
1502
1502
1502
1502
1502
1502
1502
1502
1502
1502
1503
1503
1503
1503
1503
1503
1503
1503
1503
1503
1503
1503
1503
1503
1503
1503
1503
1503
1503
1503
1503
1503
1503
1504
1504
1504
1504
1504
1504
1504
1504
1504
1504
1504
1504
1504
1504
1504
1504
1504
1504
1504
1504
1504
1504
1504
1504
1504
1504
1504
1504
1504
1504
1504
1504
1504
1505
1505
1505
1505
1505
1505
1504
1504
1504
1505
1505
1505
1505
1505
1505
1505
1505
1505
1505
1505
1505
1505
1505
1505
1505
1505
1506
1506
1506
1507
1507
1507
1507
1507
1507
1507
1507
1508
1508
1508
1508
1508
1508
1508
1508
1508
1509
1509
1508
1509
1509
1509
1509
1509
1509
1509
1509
1509
1509
1509
1509
1509
1509
1509
1509
1509
1509
1509
1509
1510
1510
1510
1510
1510
1510
1510
1510
1511
1511
1511
1511
1511
1511
1511
1511
1511
1511
1511
1511
1511
1511
1512
1512
1512
1512
1512
1512
1512
1512
1512
1512
1512
1512
1512
1513
1513
1513
1513
1513
1513
1514
1514
1514
1514
1514
1514
1514
1514
1514
1514
1514
1514
1514
1514
1514
1514
1515
1515
1515
1515
1515
1515
1515
1515
1516
1516
1516
1516
1516
1517
1517
1517
1517
1517
1517
1517
1517
1518
1518
1518
1518
1518
1518
1518
1518
1519
1519
1519
1519
1519
1519
1519
1519
1519
1519
1520
1520
1520
1520
1520
1520
1520
1520
1520
1520
1520
1520
1521
1521
1521
1521
1521
1521
1521
1521
1521
1521
1521
1522
1522
1522
1522
1522
1522
1522
1522
1523
1523
1523
1523
1523
1523
1523
1524
1524
1524
1524
1524
1524
1524
1524
1524
1524
1524
1524
1524
1525
1525
1525
1525
1525
1526
1526
1526
1526
1526
1526
1527
1527
1528
1528
1528
1528
1528
1528
1528
1529
1529
1529
1529
1529
1529
1529
1529
1529
1529
1529
1530
1530
1530
1530
1530
1530
1530
1530
1531
1531
1531
1531
1532
1532
1532
1532
1532
1532
1532
1533
1533
1533
1533
1534
1534
1534
1534
1534
1534
1534
1534
1534
1534
1534
1534
1534
1534
1534
1534
1534
1535
1535
1535
1535
1535
1535
1535
1535
1535
1535
1536
1536
1536
1536
1536
1536
1537
1537
1537
1538
1538
1538
1538
1538
1539
1539
1539
1539
1539
1539
1539
1539
1539
1539
1540
1540
1540
1540
1540
1540
1540
1541
1541
1541
1541
1541
1541
1541
1542
1542
1543
1543
1543
1544
1544
1544
1544
1544
1544
1544
1545
1545
1545
1545
1545
1545
1545
1546
1546
1546
1547
1547
1548
1548
1548
1548
1548
1548
1548
1549
1549
1549
1549
1549
1549
1549
1549
1549
1549
1549
1549
1550
1550
1550
1550
1550
1550
1550
1550
1550
1550
1550
1551
1551
1551
1551
1551
1551
1551
1551
1551
1552
1552
1552
1552
1552
1552
1553
1553
1553
1554
1554
1554
1554
1554
1554
1554
1554
1554
1555
1555
1555
1555
1555
1555
1555
1556
1556
1556
1557
1557
1558
1558
1558
1558
1558
1558
1559
1559
1559
1559
1559
1559
1559
1559
1559
1559
1560
1560
1560
1560
1561
1561
1561
1561
1561
1561
1562
1562
1562
1563
1563
1563
1563
1563
1563
1563
1563
1564
1564
1564
1564
1564
1564
1564
1564
1564
1564
1565
1565
1565
1565
1565
1565
1565
1566
1566
1566
1566
1566
1567
1567
1568
1568
1568
1568
1568
1568
1568
1569
1569
1569
1569
1569
1569
1569
1569
1570
1570
1570
1571
1571
1572
1572
1572
1572
1572
1573
1573
1573
1573
1574
1574
1574
1574
1574
1574
1575
1575
1575
1576
1576
1577
1577
1577
1577
1577
1577
1578
1578
1578
1579
1579
1579
1579
1579
1579
1579
1579
1579
1580
1580
1580
1580
1580
1580
1581
1581
1581
1581
1582
1582
1582
1583
1583
1583
1583
1583
1583
1583
1583
1584
1584
1584
1584
1584
1584
1584
1584
1585
1585
1585
1585
1585
1585
1585
1585
1585
1586
1586
1586
1587
1587
1587
1588
1588
1588
1588
1588
1589
1589
1589
1589
1590
1590
1590
1590
1590
1590
1591
1591
1592
1592
1592
1593
1593
1593
1593
1593
1593
1594
1594
1594
1594
1594
1594
1594
1595
1595
1595
1595
1595
1596
1596
1596
1596
1596
1596
1597
1597
1598
1598
1598
1599
1599
1599
1599
1599
1599
1600
1600
1600
1600
1600
1600
1600
1601
1601
1601
1601
1601
1602
1602
1602
1602
1602
1602
1602
1603
1603
1603
1603
1604
1604
1604
1604
1604
1604
1604
1604
1605
1605
1605
1606
1606
1606
1606
1606
1606
1607
1607
1608
1608
1608
1608
1608
1609
1609
1609
1609
1610
1610
1611
1611
1611
1611
1611
1612
1612
1612
1613
1613
1614
1614
1614
1614
1614
1614
1614
1615
1615
1615
1616
1616
1616
1616
1616
1617
1617
1617
1618
1618
1618
1619
1619
1619
1619
1619
1619
1619
1619
1620
1620
1620
1620
1620
1620
1621
1621
1621
1622
1622
1622
1622
1622
1622
1623
1623
1623
1623
1623
1623
1623
1623
1624
1624
1624
1624
1624
1624
1624
1624
1624
1625
1625
1625
1625
1625
1625
1625
1625
1625
1626
1626
1626
1626
1626
1627
1627
1627
1628
1628
1628
1629
1629
1629
1629
1629
1629
1629
1630
1630
1631
1631
1631
1631
1632
1632
1632
1633
1633
1634
1634
1634
1634
1634
1634
1634
1635
1635
1635
1636
1636
1636
1637
1637
1637
1637
1637
1638
1638
1639
1639
1639
1639
1639
1639
1639
1640
1640
1640
1640
1641
1641
1641
1641
1641
1641
1642
1642
1643
1643
1643
1643
1643
1643
1644
1644
1644
1644
1644
1644
1644
1644
1644
1644
1645
1645
1645
1645
1645
1646
1646
1646
1646
1646
1646
1646
1647
1647
1647
1647
1648
1648
1648
1648
1648
1648
1649
1649
1649
1649
1650
1650
1650
1650
1650
1650
1651
1651
1652
1653
1653
1653
1654
1654
1654
1654
1654
1655
1655
1656
1656
1657
1657
1657
1657
1657
1658
1658
1659
1659
1659
1659
1659
1659
1659
1659
1660
1660
1660
1661
1661
1661
1662
1662
1662
1662
1662
1663
1663
1663
1664
1664
1664
1664
1664
1664
1664
1664
1665
1665
1665
1665
1665
1665
1665
1665
1666
1666
1666
1666
1666
1666
1667
1667
1667
1667
1667
1667
1668
1668
1668
1668
1668
1668
1668
1669
1669
1669
1669
1669
1670
1670
1670
1670
1670
1670
1671
1671
1672
1672
1672
1673
1673
1673
1673
1673
1674
1674
1674
1674
1675
1675
1675
1675
1675
1675
1675
1675
1676
1676
1677
1677
1677
1677
1677
1678
1678
1678
1679
1679
1679
1679
1679
1679
1680
1680
1680
1680
1680
1681
1681
1681
1682
1682
1682
1682
1682
1682
1682
1682
1683
1683
1683
1683
1683
1683
1683
1683
1683
1683
1683
1683
1683
1683
1683
1683
1683
1684
1684
1684
1684
1684
1684
1684
1684
1684
1685
1685
1685
1685
1685
1686
1686
1686
1686
1686
1686
1687
1687
1688
1688
1688
1688
1689
1689
1689
1689
1689
1689
1690
1690
1690
1690
1690
1690
1690
1691
1691
1691
1692
1692
1693
1693
1693
1693
1693
1693
1694
1694
1694
1694
1694
1694
1694
1694
1695
1695
1695
1695
1695
1696
1696
1696
1696
1696
1696
1696
1697
1697
1697
1697
1697
1697
1697
1697
1697
1697
1698
1698
1698
1698
1698
1698
1698
1698
1699
1699
1699
1699
1699
1699
1699
1699
1699
1699
1699
1700
1700
1700
1700
1701
1701
1701
1701
1701
1701
1702
1702
1703
1703
1703
1704
1704
1704
1704
1704
1704
1704
1705
1705
1705
1706
1706
1706
1706
1706
1706
1707
1707
1707
1708
1708
1708
1708
1708
1709
1709
1709
1709
1710
1710
1710
1710
1710
1710
1711
1711
1711
1712
1712
1712
1712
1713
1713
1713
1713
1713
1713
1714
1714
1714
1714
1714
1714
1714
1714
1714
1715
1715
1715
1715
1715
1715
1715
1715
1715
1715
1715
1715
1715
1715
1715
1715
1715
1715
1716
1716
1716
1716
1716
1716
1717
1717
1717
1717
1717
1717
1717
1718
1718
1718
1719
1719
1719
1719
1719
1719
1719
1719
1719
1720
1720
1720
1720
1720
1720
1720
1721
1721
1722
1722
1723
1723
1723
1723
1723
1723
1724
1724
1724
1724
1724
1725
1725
1725
1725
1725
1725
1725
1726
1726
1726
1726
1726
1726
1726
1727
1727
1727
1728
1728
1728
1728
1728
1728
1728
1728
1728
1729
1729
1729
1729
1729
1729
1729
1729
1729
1729
1729
1729
1729
1729
1729
1729
1729
1729
1729
1729
1729
1729
1729
1730
1730
1730
1730
1730
1730
1730
1730
1730
1730
1730
1731
1731
1731
1731
1731
1731
1732
1732
1732
1732
1733
1733
1733
1733
1733
1733
1733
1733
1733
1733
1733
1733
1733
1734
1734
1734
1734
1734
1734
1734
1734
1734
1734
1735
1735
1735
1735
1736
1736
1736
1736
1736
1736
1736
1737
1737
1737
1737
1738
1738
1738
1738
1738
1738
1738
1738
1738
1738
1738
1738
1738
1738
1739
1739
1739
1739
1739
1739
1739
1739
1739
1739
1739
1739
1740
1740
1739
1739
1739
1739
1739
1739
1739
1739
1739
1739
1739
1739
1740
1740
1740
1740
1740
1740
1740
1740
1740
1740
1740
1740
1740
1740
1740
1741
1741
1741
1742
1742
1742
1743
1743
1743
1743
1743
1743
1743
1744
1744
1744
1744
1744
1744
1744
1744
1745
1745
1745
1745
1745
1745
1745
1745
1746
1746
1746
1746
1746
1747
1747
1747
1747
1747
1747
1747
1747
1747
1747
1747
1748
1748
1748
1748
1748
1748
1748
1748
1748
1749
1749
1749
1749
1749
1749
1749
1749
1749
1749
1749
1749
1749
1749
1749
1749
1749
1749
1749
1749
1750
1750
1750
1750
1750
1750
1750
1750
1750
1750
1751
1751
1751
1751
1751
1751
1751
1751
1751
1752
1752
1752
1752
1753
1753
1753
1753
1753
1753
1753
1753
1754
1754
1754
1754
1754
1754
1754
1754
1754
1754
1754
1754
1754
1754
1755
1755
1755
1755
1755
1755
1755
1755
1755
1755
1755
1755
1755
1755
1755
1755
1755
1755
1755
1755
1755
1755
1755
1755
1755
1755
1755
1755
1755
1755
1755
1755
1755
1755
1755
1755
1755
1755
1755
1755
1755
1755
1755
1755
1755
1755
1755
1755
1755
1755
1755
1755
1755
1755
1755
1755
1755
1755
1755
1755
1755
1755
1755
1755
1755
1755
1755
1755
1755
1755
1756
1756
1756
1756
1756
1756
1757
1757
1757
1757
1757
1757
1757
1757
1757
1758
1758
1758
1758
1758
1758
1758
1758
1758
1758
1758
1758
1759
1759
1759
1759
1759
1759
1759
1759
1759
1759
1759
1759
1759
1759
1759
1759
1759
1759
1759
1759
1759
1759
1759
1759
1759
1759
1760
1760
1760
1760
1760
1760
1760
1760
1760
1760
1760
1760
1760
1760
1760
1760
1760
1760
1760
1760
1760
1760
1760
1761
1761
1761
1761
1761
1761
1761
1761
1761
1761
1762
1762
1762
1762
1762
1762
1762
1762
1762
1762
1762
1762
1762
1762
1762
1762
1762
1762
1761
1761
1761
1761
1761
1761
1761
1761
1761
1761
1761
1761
1761
1761
1761
1761
1761
1761
1761
1761
1761
1761
1761
1762
1762
1762
1762
1762
1762
1762
1762
1762
1762
1762
1762
1762
1762
1762
1762
1762
1762
1763
1763
1763
1763
1763
1763
1763
1763
1763
1763
1763
1763
1763
1763
1763
1763
1762
1762
1762
1763
1763
1763
1763
1763
1763
1763
1763
1763
1763
1763
1763
1763
1763
1763
1763
1763
1763
1763
1763
1763
1763
1763
1763
1763
1763
1763
1763
1763
1763
1764
1764
1764
1764
1764
1764
1764
1764
1764
1764
1764
1763
1764
1764
1764
1764
1764
1764
1764
1763
1763
1763
1763
1763
1763
1763
1763
1763
1763
1764
1764
1764
1764
1764
1764
1764
1764
1764
1764
1764
1764
1764
1764
1764
1764
1764
1764
1764
1764
1764
1764
1764
1764
1764
1764
1764
1764
1764
1764
1764
1764
1764
1764
1764
1764
1764
1764
1764
1764
1764
1764
1764
1764
1764
1764
1764
1764
1764
1764
1764
1764
1764
1764
1764
1763
1763
1763
1763
1763
1763
1763
1763
1763
1763
1763
1763
1763
1763
1763
1763
1763
1763
1763
1763
1763
1763
1763
1763
1763
1763
1763
1763
1763
1763
1763
1763
1763
1763
1763
1763
1763
1764
1764
1764
1764
1764
1764
1764
1764
1764
1764
1764
1764
1764
1764
1764
1764
1764
1764
1764
1764
1764
1764
1764
1764
1764
1764
1764
1764
1764
1764
1764
1764
1764
1764
1764
1764
1764
1764
1764
1763
1763
1763
1763
1763
1763
1763
1763
1762
1762
1762
1761
1761
1761
1761
1761
1761
1761
1761
1761
1761
1760
1760
1760
1760
1760
1760
1760
1760
1760
1760
1760
1760
1760
1760
1760
1760
1760
1760
1760
1760
1760
1760
1760
1760
1760
1760
1760
1760
1760
1760
1760
1760
1760
1760
1760
1760
1760
1760
1760
1760
1760
1759
1759
1759
1759
1759
1759
1759
1759
1759
1759
1760
1760
1760
1760
1760
1760
1760
1760
1760
1760
1760
1760
1760
1759
1759
1759
1759
1759
1759
1759
1759
1759
1759
1759
1759
1759
1758
1758
1758
1758
1758
1758
1758
1758
1758
1757
1757
1757
1757
1757
1757
1757
1757
1757
1757
1757
1757
1757
1757
1757
1757
1757
1757
1757
1757
1757
1757
1757
1757
1757
1757
1757
1757
1757
1757
1757
1757
1757
1757
1757
1757
1757
1757
1757
1757
1757
1757
1757
1757
1757
1757
1757
1757
1757
1757
1757
1757
1757
1757
1757
1757
1757
1757
1757
1757
1757
1757
1757
1757
1756
1756
1756
1756
1756
1756
1756
1756
1755
1755
1755
1755
1755
1755
1755
1755
1755
1755
1755
1755
1754
1754
1754
1754
1754
1754
1754
1754
1754
1754
1754
1754
1754
1754
1754
1754
1754
1754
1754
1754
1754
1754
1754
1754
1754
1754
1754
1754
1754
1754
1754
1754
1754
1754
1754
1754
1754
1754
1754
1754
1754
1754
1754
1754
1754
1754
1754
1753
1753
1753
1753
1753
1753
1753
1753
1753
1753
1753
1753
1753
1753
1753
1753
1753
1753
1753
1753
1754
1754
1754
1754
1754
1754
1754
1754
1754
1754
1754
1754
1754
1754
1754
1753
1753
1753
1753
1753
1753
1753
1753
1752
1752
1752
1752
1752
1752
1751
1751
1751
1751
1751
1751
1751
1751
1750
1750
1750
1750
1750
1750
1750
1749
1749
1749
1749
1749
1749
1749
1749
1750
1750
1750
1750
1750
1750
1750
1750
1750
1750
1750
1750
1750
1750
1750
1750
1750
1750
1750
1750
1750
1750
1750
1750
1750
1750
1750
1750
1750
1749
1750
1750
1749
1749
1749
1749
1749
1749
1749
1749
1749
1749
1749
1749
1749
1749
1749
1749
1749
1749
1749
1749
1749
1749
1749
1749
1749
1749
1749
1749
1749
1749
1749
1749
1749
1749
1749
1749
1749
1749
1749
1749
1749
1749
1749
1749
1749
1749
1749
1749
1749
1748
1748
1748
1748
1748
1748
1748
1748
1748
1748
1748
1748
1748
1748
1748
1748
1747
1747
1747
1747
1747
1747
1747
1747
1747
1747
1747
1747
1747
1747
1747
1747
1747
1746
1746
1746
1746
1746
1746
1746
1746
1746
1746
1746
1746
1746
1746
1746
1746
1746
1745
1745
1745
1745
1745
1745
1745
1745
1745
1745
1746
1746
1746
1746
1746
1746
1746
1746
1745
1745
1745
1745
1745
1745
1745
1745
1745
1745
1745
1745
1745
1745
1745
1745
1745
1744
1744
1744
1744
1744
1744
1744
1744
1744
1744
1744
1744
1744
1744
1744
1744
1744
1744
1744
1744
1744
1743
1743
1743
1743
1743
1742
1742
1742
1742
1742
1742
1742
1742
1742
1742
1741
1741
1741
1741
1741
1741
1741
1741
1740
1740
1740
1740
1740
1740
1740
1740
1740
1740
1740
1740
1740
1739
1739
1739
1739
1739
1739
1739
1739
1739
1739
1739
1739
1739
1739
1739
1739
1739
1739
1739
1739
1739
1738
1738
1738
1738
1738
1738
1738
1738
1738
1738
1738
1738
1738
1738
1738
1737
1737
1737
1737
1737
1736
1736
1736
1736
1736
1736
1735
1735
1735
1735
1735
1735
1734
1734
1734
1734
1734
1734
1734
1734
1734
1734
1734
1734
1733
1733
1733
1733
1733
1733
1733
1733
1733
1733
1733
1733
1732
1732
1732
1732
1732
1732
1732
1731
1731
1731
1731
1731
1731
1731
1731
1731
1731
1731
1731
1731
1731
1731
1731
1731
1731
1731
1731
1731
1731
1730
1730
1730
1730
1730
1730
1730
1730
1730
1730
1730
1729
1729
1729
1729
1729
1729
1729
1729
1729
1729
1729
1729
1729
1728
1728
1728
1728
1728
1728
1728
1728
1728
1727
1727
1727
1727
1727
1727
1727
1727
1726
1726
1726
1726
1726
1726
1726
1726
1726
1725
1725
1725
1725
1725
1725
1725
1725
1725
1725
1725
1725
1724
1724
1724
1724
1724
1724
1724
1724
1724
1724
1724
1724
1724
1724
1724
1724
1724
1724
1724
1724
1724
1724
1724
1724
1724
1724
1724
1724
1724
1724
1724
1724
1724
1723
1723
1724
1723
1723
1723
1723
1723
1723
1723
1723
1723
1723
1723
1723
1723
1723
1723
1723
1723
1723
1723
1723
1723
1723
1722
1722
1722
1722
1722
1722
1722
1722
1721
1721
1721
1721
1720
1720
1720
1720
1720
1720
1720
1720
1720
1720
1720
1719
1719
1719
1719
1719
1719
1719
1719
1719
1718
1718
1718
1718
1718
1718
1718
1717
1717
1717
1717
1717
1716
1716
1716
1716
1716
1716
1716
1716
1715
1715
1715
1715
1715
1715
1715
1715
1715
1715
1715
1715
1715
1715
1715
1715
1715
1715
1715
1715
1715
1715
1715
1715
1715
1715
1715
1715
1715
1715
1715
1715
1715
1715
1714
1714
1714
1714
1714
1714
1714
1714
1714
1714
1714
1714
1714
1714
1714
1714
1714
1713
1713
1713
1713
1713
1713
1713
1713
1713
1713
1713
1713
1713
1713
1713
1713
1712
1712
1712
1712
1712
1712
1712
1712
1712
1712
1712
1712
1712
1712
1712
1711
1711
1711
1711
1711
1711
1711
1711
1711
1711
1710
1710
1710
1710
1710
1710
1710
1710
1710
1710
1710
1710
1710
1710
1710
1710
1710
1709
1709
1709
1709
1709
1709
1709
1709
1709
1709
1709
1709
1709
1709
1709
1709
1708
1708
1708
1708
1708
1708
1708
1707
1707
1707
1707
1707
1707
1706
1706
1706
1706
1706
1706
1706
1705
1705
1705
1705
1705
1705
1705
1705
1704
1704
1704
1704
1704
1704
1704
1704
1704
1704
1704
1704
1704
1704
1704
1703
1703
1703
1703
1703
1703
1703
1703
1703
1703
1703
1703
1703
1703
1703
1703
1703
1703
1703
1703
1703
1703
1703
1703
1703
1703
1703
1703
1703
1703
1703
1703
1703
1703
1703
1703
1703
1703
1703
1702
1702
1702
1702
1701
1701
1701
1701
1701
1701
1701
1701
1701
1701
1701
1701
1701
1701
1701
1701
1700
1700
1700
1700
1700
1700
1700
1700
1700
1700
1700
1700
1700
1700
1700
1700
1700
1700
1699
1699
1699
1699
1699
1699
1699
1699
1699
1699
1699
1699
1699
1699
1699
1699
1699
1699
1699
1699
1699
1699
1699
1699
1699
1699
1699
1699
1699
1699
1699
1699
1699
1699
1699
1699
1698
1698
1698
1698
1698
1698
1698
1698
1698
1698
1698
1698
1697
1697
1697
1697
1697
1697
1697
1697
1697
1697
1697
1697
1697
1697
1697
1696
1696
1696
1695
1695
1695
1695
1695
1695
1695
1695
1695
1695
1695
1695
1695
1695
1695
1695
1695
1695
1695
1695
1695
1695
1695
1695
1695
1695
1695
1695
1694
1694
1694
1694
1694
1694
1694
1694
1694
1694
1694
1694
1694
1694
1694
1694
1694
1694
1693
1693
1693
1693
1693
1693
1693
1693
1693
1693
1693
1693
1693
1692
1692
1692
1692
1692
1692
1692
1692
1692
1692
1692
1692
1692
1692
1692
1692
1692
1692
1692
1691
1691
1691
1691
1691
1691
1691
1691
1691
1690
1690
1690
1690
1690
1690
1690
1690
1690
1690
1689
1689
1689
1689
1689
1689
1689
1689
1689
1689
1689
1689
1688
1688
1688
1688
1688
1688
1688
1688
1688
1688
1688
1688
1687
1687
1687
1687
1687
1687
1686
1686
1686
1685
1685
1685
1685
1685
1685
1685
1685
1685
1684
1684
1684
1684
1684
1684
1684
1684
1684
1684
1684
1684
1684
1684
1684
1684
1683
1683
1683
1683
1683
1683
1683
1683
1683
1683
1683
1683
1683
1683
1683
1683
1683
1683
1683
1683
1683
1683
1683
1683
1683
1682
1682
1682
1682
1682
1682
1682
1682
1682
1682
1681
1681
1681
1681
1681
1681
1681
1681
1681
1680
1680
1680
1680
1680
1680
1680
1680
1680
1680
1680
1680
1680
1680
1680
1679
1679
1679
1679
1679
1679
1679
1679
1679
1679
1679
1679
1679
1679
1679
1679
1679
1678
1678
1678
1678
1678
1678
1678
1678
1678
1678
1678
1678
1678
1678
1678
1678
1678
1678
1677
1677
1677
1677
1677
1677
1677
1677
1677
1677
1676
1676
1676
1676
1676
1676
1676
1676
1676
1676
1676
1676
1676
1676
1676
1676
1676
1676
1675
1675
1675
1675
1675
1675
1675
1675
1675
1675
1675
1675
1675
1675
1675
1675
1675
1675
1675
1675
1674
1674
1674
1674
1674
1674
1674
1674
1674
1674
1674
1674
1674
1674
1674
1674
1674
1674
1674
1673
1673
1673
1673
1673
1673
1673
1673
1673
1673
1673
1672
1672
1672
1672
1672
1672
1672
1672
1672
1672
1672
1672
1672
1672
1671
1671
1671
1671
1671
1671
1672
1672
1672
1672
1672
1672
1672
1672
1671
1671
1671
1671
1671
1670
1670
1670
1670
1670
1670
1670
1670
1670
1670
1670
1670
1670
1670
1670
1670
1670
1670
1670
1670
1670
1670
1670
1670
1670
1670
1670
1669
1669
1669
1669
1669
1669
1669
1669
1669
1669
1669
1669
1669
1669
1669
1669
1669
1669
1669
1669
1669
1668
1668
1668
1668
1668
1668
1668
1668
1668
1668
1668
1668
1668
1667
1667
1667
1667
1667
1667
1667
1667
1666
1666
1666
1666
1666
1666
1666
1666
1665
1665
1665
1665
1665
1665
1665
1665
1665
1665
1665
1664
1664
1664
1664
1664
1664
1664
1664
1664
1664
1664
1664
1664
1664
1664
1664
1664
1663
1663
1663
1663
1663
1663
1663
1663
1663
1663
1663
1663
1663
1662
1662
1662
1662
1662
1662
1662
1662
1662
1661
1661
1661
1661
1661
1661
1661
1661
1661
1661
1661
1661
1660
1660
1660
1660
1660
1660
1660
1660
1660
1660
1659
1659
1659
1659
1659
1659
1659
1659
1659
1659
1659
1659
1658
1658
1658
1658
1658
1658
1658
1658
1658
1658
1658
1658
1658
1658
1658
1658
1658
1658
1658
1658
1657
1657
1657
1657
1657
1657
1657
1657
1657
1656
1656
1656
1656
1656
1656
1656
1656
1656
1655
1655
1655
1655
1655
1655
1655
1655
1655
1655
1655
1655
1655
1655
1655
1655
1655
1655
1655
1655
1655
1654
1654
1654
1654
1654
1654
1654
1654
1654
1654
1654
1654
1654
1654
1654
1654
1654
1654
1654
1654
1653
1653
1653
1653
1653
1653
1653
1652
1652
1651
1651
1651
1651
1651
1651
1650
1650
1650
1650
1650
1650
1650
1650
1650
1650
1649
1649
1649
1649
1649
1649
1649
1649
1649
1649
1649
1649
1649
1649
1649
1649
1649
1649
1649
1649
1649
1649
1649
1649
1649
1649
1649
1649
1649
1649
1649
1649
1649
1649
1649
1649
1649
1649
1649
1649
1649
1649
1649
1649
1649
1649
1649
1649
1649
1649
1649
1649
1649
1649
1649
1648
1648
1648
1648
1648
1648
1648
1648
1648
1648
1648
1648
1648
1648
1648
1648
1647
1647
1647
1646
1646
1645
1645
1645
1645
1645
1645
1645
1645
1644
1644
1644
1644
1644
1644
1644
1644
1644
1644
1644
1644
1644
1644
1644
1644
1644
1644
1644
1644
1644
1644
1644
1644
1644
1644
1644
1644
1644
1644
1644
1644
1644
1644
1644
1644
1644
1644
1644
1644
1644
1644
1644
1643
1643
1643
1643
1643
1643
1643
1643
1643
1643
1643
1644
1643
1643
1643
1643
1643
1643
1643
1643
1643
1643
1643
1643
1643
1643
1643
1643
1642
1642
1642
1642
1642
1642
1642
1642
1642
1641
1641
1641
1641
1641
1641
1641
1641
1641
1641
1641
1640
1640
1640
1640
1640
1640
1640
1640
1640
1640
1640
1640
1640
1640
1640
1640
1640
1640
1640
1639
1639
1639
1639
1639
1639
1639
1639
1639
1639
1639
1639
1639
1639
1639
1639
1639
1639
1639
1639
1639
1639
1639
1639
1639
1639
1639
1639
1639
1639
1639
1639
1639
1639
1639
1639
1639
1639
1639
1639
1639
1639
1639
1639
1639
1639
1639
1639
1639
1639
1639
1639
1639
1639
1639
1639
1639
1639
1639
1639
1639
1639
1639
1639
1639
1639
1639
1639
1638
1638
1638
1638
1638
1638
1638
1638
1638
1638
1638
1638
1638
1638
1638
1638
1638
1638
1637
1637
1637
1637
1637
1637
1636
1636
1636
1636
1636
1636
1636
1636
1636
1636
1635
1635
1635
1635
1635
1635
1635
1635
1635
1635
1635
1635
1635
1635
1635
1635
1635
1635
1635
1635
1635
1635
1635
1635
1635
1635
1635
1635
1635
1635
1635
1635
1635
1635
1635
1635
1635
1635
1635
1635
1635
1635
1635
1635
1635
1635
1635
1635
1635
1635
1635
1635
1635
1635
1635
1635
1635
1635
1635
1635
1635
1635
1634
1634
1634
1634
1634
1634
1634
1634
1633
1633
1633
1633
1633
1633
1633
1633
1633
1633
1633
1633
1633
1633
1633
1633
1633
1633
1633
1632
1632
1632
1632
1632
1632
1632
1632
1632
1632
1632
1632
1632
1632
1632
1632
1632
1632
1632
1632
1632
1632
1632
1632
1632
1632
1632
1632
1632
1632
1632
1633
1633
1633
1633
1633
1633
1633
1633
1633
1633
1633
1633
1633
1633
1633
1633
1633
1633
1633
1633
1633
1633
1633
1633
1633
1633
1633
1633
1633
1633
1633
1634
1634
1633
1633
1633
1633
1633
1633
1633
1633
1633
1633
1633
1633
1633
1633
1633
1633
1633
1633
1633
1633
1633
1633
1633
1633
1633
1632
1632
1632
1632
1632
1632
1632
1632
1632
1632
1633
1633
1633
1633
1633
1633
1633
1633
1633
1633
1633
1633
1633
1633
1633
1633
1633
1633
1633
1633
1634
1634
1634
1634
1634
1634
1634
1634
1634
1634
1634
1634
1634
1634
1634
1634
1634
1634
1634
1634
1634
1634
1634
1634
1634
1634
1634
1634
1634
1634
1634
1634
1634
1634
1634
1634
1634
1634
1634
1634
1634
1634
1634
1634
1634
1634
1634
1634
1634
1634
1634
1634
1634
1634
1634
1634
1634
1634
1634
1634
1634
1634
1635
1635
1635
1635
1635
1635
1635
1635
1635
1635
1635
1635
1635
1635
1635
1635
1635
1635
1635
1635
1635
1635
1635
1635
1635
1635
1635
1635
1635
1636
1636
1636
1636
1636
1636
1636
1637
1637
1637
1638
1638
1638
1638
1638
1638
1638
1638
1638
1638
1637
1637
1637
1637
1637
1637
1637
1638
1638
1638
1638
1638
1638
1638
1638
1638
1638
1638
1638
1638
1638
1638
1638
1638
1638
1638
1638
1638
1638
1638
1638
1638
1638
1638
1638
1638
1638
1637
1637
1637
1637
1637
1637
1637
1637
1637
1637
1637
1637
1637
1637
1637
1637
1637
1637
1637
1637
1637
1637
1637
1638
1638
1638
1638
1638
1638
1638
1638
1638
1638
1638
1639
1639
1639
1639
1639
1639
1639
1639
1639
1639
1639
1639
1639
1639
1639
1639
1639
1639
1639
1639
1639
1639
1639
1639
1639
1639
1640
1640
1640
1640
1640
1640
1640
1640
1640
1640
1640
1640
1640
1641
1641
1641
1641
1641
1641
1641
1641
1641
1641
1642
1642
1642
1642
1642
1642
1642
1642
1642
1642
1641
1641
1641
1641
1641
1641
1641
1641
1641
1641
1642
1642
1642
1642
1642
1642
1642
1642
1642
1643
1643
1643
1643
1643
1643
1643
1643
1643
1643
1643
1643
1643
1643
1643
1643
1643
1643
1643
1643
1643
1643
1643
1643
1643
1643
1644
1644
1644
1644
1644
1644
1644
1644
1644
1644
1644
1644
1644
1644
1644
1644
1644
1644
1644
1644
1644
1645
1645
1645
1645
1645
1645
1645
1645
1645
1645
1645
1645
1645
1645
1645
1645
1645
1645
1645
1645
1645
1646
1646
1646
1646
1646
1646
1646
1646
1646
1646
1646
1646
1646
1646
1646
1646
1646
1646
1646
1646
1646
1646
1647
1647
1647
1647
1647
1647
1647
1647
1647
1648
1648
1648
1649
1649
1649
1649
1649
1649
1649
1649
1649
1649
1649
1649
1649
1649
1649
1649
1649
1649
1649
1650
1650
1650
1650
1650
1650
1650
1650
1650
1650
1650
1650
1650
1650
1650
1650
1650
1650
1651
1651
1651
1651
1651
1651
1651
1651
1651
1651
1651
1651
1651
1651
1651
1651
1652
1652
1652
1652
1652
1652
1653
1653
1653
1653
1653
1653
1653
1653
1653
1653
1654
1654
1654
1654
1654
1654
1654
1654
1654
1654
1654
1654
1654
1654
1654
1654
1654
1655
1655
1655
1655
1655
1655
1655
1655
1655
1655
1655
1655
1655
1655
1655
1655
1655
1655
1655
1655
1655
1655
1656
1656
1656
1656
1656
1656
1656
1657
1657
1657
1658
1658
1658
1658
1658
1658
1658
1658
1659
1659
1659
1659
1659
1659
1659
1659
1659
1659
1659
1659
1660
1660
1660
1660
1660
1660
1660
1660
1660
1660
1660
1660
1660
1660
1660
1660
1661
1661
1661
1661
1662
1662
1662
1662
1662
1662
1662
1662
1662
1663
1663
1663
1663
1663
1663
1663
1663
1663
1663
1663
1664
1664
1664
1664
1664
1664
1664
1664
1664
1664
1664
1664
1664
1664
1664
1664
1664
1664
1664
1664
1665
1665
1665
1665
1665
1665
1665
1665
1666
1666
1667
1667
1667
1668
1668
1668
1668
1668
1668
1668
1669
1669
1669
1669
1669
1669
1669
1669
1669
1669
1670
1670
1670
1670
1670
1670
1670
1670
1670
1670
1671
1671
1671
1671
1671
1671
1672
1672
1672
1672
1673
1673
1673
1673
1673
1673
1673
1673
1673
1673
1673
1673
1673
1673
1673
1673
1673
1673
1673
1673
1673
1673
1674
1674
1674
1674
1674
1674
1674
1674
1674
1674
1674
1674
1674
1674
1674
1674
1674
1674
1674
1674
1674
1674
1674
1674
1674
1674
1674
1674
1674
1675
1675
1675
1675
1675
1675
1675
1675
1675
1675
1675
1675
1675
1675
1675
1675
1676
1676
1676
1677
1677
1677
1678
1678
1678
1678
1678
1678
1678
1679
1679
1679
1679
1679
1679
1679
1679
1679
1679
1679
1679
1679
1679
1679
1679
1679
1680
1680
1680
1680
1680
1680
1680
1680
1680
1680
1680
1681
1681
1681
1681
1682
1682
1682
1682
1682
1682
1682
1682
1682
1683
1683
1683
1683
1683
1683
1683
1683
1683
1684
1684
1684
1684
1684
1684
1684
1684
1684
1684
1685
1685
1685
1685
1685
1685
1685
1685
1686
1686
1686
1686
1686
1687
1687
1687
1687
1687
1687
1688
1688
1688
1689
1689
1689
1689
1689
1689
1689
1689
1690
1690
1690
1690
1690
1690
1690
1690
1691
1691
1691
1691
1692
1692
1692
1692
1692
1692
1693
1693
1693
1693
1694
1694
1694
1694
1694
1694
1694
1694
1694
1694
1694
1694
1694
1694
1694
1694
1694
1694
1694
1694
1694
1694
1694
1694
1694
1694
1694
1694
1694
1694
1694
1694
1694
1694
1694
1694
1694
1694
1694
1694
1695
1695
1695
1695
1695
1695
1695
1696
1696
1696
1696
1697
1697
1697
1697
1697
1697
1698
1698
1698
1699
1699
1699
1699
1699
1699
1699
1699
1699
1699
1700
1700
1700
1700
1700
1700
1700
1700
1700
1701
1701
1701
1701
1701
1701
1701
1701
1702
1702
1702
1702
1703
1703
1703
1703
1703
1703
1703
1703
1704
1704
1704
1704
1704
1704
1704
1704
1704
1704
1704
1704
1704
1704
1704
1704
1704
1704
1704
1705
1705
1705
1705
1705
1705
1705
1705
1705
1705
1705
1706
1706
1706
1706
1706
1706
1706
1706
1706
1706
1707
1707
1707
1707
1707
1707
1708
1708
1708
1708
1709
1709
1709
1709
1709
1709
1709
1709
1709
1710
1710
1710
1710
1710
1710
1711
1711
1711
1712
1712
1712
1712
1713
1713
1713
1713
1713
1713
1713
1714
1714
1714
1714
1714
1714
1714
1714
1714
1714
1714
1714
1714
1714
1714
1714
1714
1714
1714
1714
1714
1715
1715
1715
1715
1715
1715
1715
1715
1715
1715
1715
1715
1715
1715
1715
1715
1715
1715
1716
1716
1716
1716
1716
1716
1716
1716
1716
1716
1716
1716
1716
1717
1717
1717
1717
1717
1717
1717
1717
1717
1718
1718
1718
1718
1718
1718
1718
1718
1718
1719
1719
1719
1719
1719
1719
1719
1719
1719
1719
1719
1720
1720
1720
1720
1720
1720
1720
1720
1720
1720
1720
1720
1720
1720
1720
1721
1721
1721
1721
1722
1722
1722
1722
1722
1722
1722
1723
1723
1723
1723
1723
1723
1723
1723
1723
1723
1723
1723
1723
1723
1724
1724
1724
1724
1724
1724
1723
1723
1723
1724
1724
1724
1724
1724
1724
1724
1724
1724
1724
1724
1724
1724
1724
1724
1724
1724
1725
1725
1725
1725
1725
1725
1725
1725
1726
1726
1726
1726
1726
1727
1727
1727
1727
1727
1727
1727
1728
1728
1728
1728
1728
1729
1729
1729
1729
1729
1729
1729
1729
1729
1729
1729
1729
1729
1729
1729
1729
1729
1729
1729
1729
1729
1729
1729
1729
1729
1730
1730
1730
1730
1730
1730
1730
1730
1730
1730
1730
1730
1730
1730
1730
1730
1730
1730
1730
1730
1730
1730
1730
1730
1730
1730
1730
1730
1730
1730
1730
1731
1731
1731
1731
1731
1731
1731
1731
1731
1732
1732
1732
1732
1733
1733
1733
1733
1733
1733
1733
1733
1734
1734
1734
1734
1734
1734
1734
1734
1734
1734
1734
1734
1734
1735
1735
1735
1735
1735
1735
1735
1735
1735
1735
1736
1736
1736
1736
1736
1736
1736
1736
1737
1737
1737
1737
1737
1737
1737
1737
1738
1738
1738
1738
1738
1738
1738
1738
1738
1738
1738
1738
1738
1738
1738
1738
1738
1739
1739
1738
1738
1738
1738
1738
1738
1738
1738
1738
1738
1738
1738
1738
1738
1738
1738
1738
1738
1738
1738
1738
1738
1738
1738
1738
1738
1738
1738
1738
1738
1738
1738
1738
1738
1738
1738
1738
1738
1738
1738
1738
1738
1738
1738
1739
1739
1739
1739
1739
1739
1739
1739
1739
1739
1739
1739
1739
1739
1739
1739
1739
1739
1739
1739
1740
1740
1740
1740
1740
1740
1740
1740
1740
1740
1741
1741
1741
1741
1741
1741
1741
1741
1741
1741
1741
1741
1741
1741
1741
1741
1741
1741
1740
1740
1740
1740
1740
1740
1740
1740
1740
1740
1740
1740
1740
1740
1740
1740
1740
1740
1740
1740
1740
1739
1739
1739
1739
1740
1740
1740
1740
1740
1740
1740
1740
1740
1740
1740
1740
1740
1740
1740
1740
1741
1741
1741
1741
1741
1741
1741
1741
1741
1741
1741
1741
1741
1741
1741
1741
1741
1742
1742
1742
1743
1743
1743
1743
1743
1743
1743
1743
1743
1743
1743
1743
1743
1743
1743
1743
1743
1744
1744
1744
1744
1744
1744
1744
1744
1744
1744
1744
1744
1744
1744
1744
1744
1744
1744
1744
1744
1744
1744
1744
1744
1744
1744
1744
1744
1744
1744
1744
1744
1744
1744
1744
1744
1744
1744
1744
1744
1744
1744
1744
1744
1744
1744
1744
1744
1744
1744
1744
1744
1744
1745
1745
1745
1745
1745
1745
1745
1745
1745
1745
1744
1745
1745
1745
1745
1745
1745
1745
1745
1745
1745
1745
1745
1745
1745
1745
1745
1745
1745
1745
1745
1745
1745
1745
1745
1745
1745
1745
1745
1745
1745
1745
1745
1745
1745
1745
1745
1745
1745
1745
1746
1746
1746
1746
1746
1746
1746
1746
1746
1746
1746
1746
1745
1745
1745
1745
1745
1745
1745
1745
1745
1745
1745
1745
1745
1745
1745
1745
1745
1745
1745
1745
1745
1745
1745
1745
1745
1745
1745
1745
1745
1745
1745
1745
1745
1745
1745
1745
1745
1745
1746
1746
1746
1746
1746
1746
1746
1746
1746
1746
1746
1746
1747
1747
1747
1747
1747
1747
1747
1747
1747
1747
1747
1747
1747
1747
1747
1748
1748
1748
1748
1748
1748
1748
1748
1748
1748
1748
1748
1748
1748
1748
1748
1748
1748
1748
1748
1748
1748
1748
1748
1749
1749
1749
1749
1749
1749
1749
1749
1748
1748
1748
1748
1748
1748
1748
1748
1748
1748
1748
1748
1748
1748
1748
1748
1748
1748
1748
1748
1748
1747
1747
1747
1747
1747
1747
1747
1747
1747
1747
1747
1747
1748
1748
1748
1748
1748
1748
1748
1748
1748
1748
1748
1748
1748
1748
1748
1748
1748
1748
1748
1748
1748
1748
1748
1748
1748
1748
1748
1748
1748
1748
1748
1748
1748
1748
1748
1748
1748
1748
1748
1748
1748
1748
1748
1748
1748
1748
1748
1748
1748
1748
1748
1748
1748
1748
1748
1748
1748
1748
1748
1748
1748
1748
1748
1748
1748
1747
1747
1747
1747
1747
1747
1747
1747
1746
1746
1746
1746
1746
1746
1746
1746
1746
1746
1746
1746
1746
1746
1746
1746
1746
1746
1746
1746
1746
1746
1746
1747
1747
1746
1747
1747
1747
1747
1747
1747
1747
1747
1747
1747
1747
1747
1747
1747
1747
1747
1747
1747
1747
1747
1747
1747
1747
1747
1747
1747
1747
1746
1746
1746
1746
1746
1746
1746
1746
1746
1746
1746
1745
1745
1745
1745
1745
1745
1745
1745
1745
1745
1745
1744
1744
1744
1744
1744
1744
1744
1744
1744
1744
1744
1744
1744
1744
1744
1744
1744
1744
1744
1744
1744
1744
1744
1744
1744
1744
1744
1744
1744
1744
1744
1743
1743
1743
1743
1743
1743
1743
1743
1743
1743
1743
1743
1743
1743
1743
1743
1743
1743
1743
1743
1743
1743
1743
1743
1743
1743
1743
1743
1743
1743
1743
1743
1743
1743
1743
1743
1743
1743
1743
1743
1743
1743
1743
1743
1743
1743
1743
1743
1743
1743
1743
1743
1743
1743
1743
1742
1742
1742
1742
1741
1741
1741
1741
1741
1741
1741
1741
1741
1741
1740
1740
1740
1740
1740
1740
1740
1740
1740
1740
1740
1740
1740
1740
1740
1740
1740
1740
1740
1740
1740
1740
1740
1739
1739
1739
1739
1739
1739
1739
1739
1739
1739
1739
1739
1739
1739
1739
1739
1739
1739
1739
1739
1739
1739
1739
1739
1739
1739
1739
1739
1739
1739
1739
1739
1739
1739
1739
1739
1739
1739
1739
1739
1738
1738
1738
1738
1738
1738
1738
1738
1738
1738
1738
1738
1737
1737
1737
1737
1737
1737
1737
1737
1737
1736
1736
1736
1736
1736
1736
1736
1736
1736
1736
1736
1736
1735
1735
1735
1735
1735
1734
1734
1734
1734
1734
1734
1734
1734
1734
1734
1734
1734
1734
1734
1734
1734
1734
1734
1733
1733
1733
1733
1733
1733
1733
1733
1733
1733
1733
1733
1733
1733
1733
1733
1733
1733
1733
1733
1733
1733
1733
1733
1733
1733
1733
1733
1733
1733
1733
1732
1732
1732
1732
1732
1732
1733
1733
1733
1733
1733
1733
1733
1733
1733
1733
1733
1732
1732
1732
1732
1732
1731
1731
1731
1731
1731
1731
1731
1731
1730
1730
1730
1730
1730
1730
1730
1730
1730
1730
1730
1730
1730
1730
1730
1730
1730
1729
1729
1729
1729
1729
1729
1729
1729
1729
1729
1729
1729
1729
1729
1728
1728
1728
1728
1728
1728
1728
1728
1728
1728
1728
1727
1727
1727
1727
1727
1727
1727
1727
1727
1727
1727
1727
1727
1726
1726
1726
1726
1726
1726
1726
1725
1725
1725
1725
1725
1725
1725
1725
1725
1725
1725
1725
1725
1725
1724
1724
1724
1724
1724
1724
1724
1724
1724
1724
1724
1724
1724
1724
1724
1724
1724
1724
1724
1724
1724
1724
1724
1724
1724
1724
1724
1724
1724
1724
1724
1724
1724
1724
1724
1724
1724
1724
1724
1724
1724
1724
1724
1724
1724
1724
1723
1723
1723
1723
1723
1723
1723
1723
1723
1722
1722
1722
1722
1722
1722
1722
1722
1721
1721
1721
1721
1720
1720
1720
1720
1720
1720
1720
1720
1720
1720
1720
1720
1720
1720
1719
1719
1719
1719
1719
1719
1719
1719
1718
1718
1718
1718
1718
1718
1718
1718
1718
1718
1718
1718
1718
1718
1718
1718
1718
1718
1718
1718
1718
1718
1718
1718
1718
1718
1718
1718
1718
1718
1718
1718
1718
1718
1718
1718
1718
1718
1718
1718
1718
1718
1718
1718
1717
1717
1717
1717
1717
1717
1717
1717
1717
1717
1717
1717
1716
1716
1716
1716
1716
1716
1716
1716
1715
1715
1715
1715
1715
1715
1715
1715
1715
1714
1714
1714
1714
1714
1714
1714
1714
1714
1714
1714
1714
1714
1714
1714
1714
1714
1714
1714
1714
1714
1714
1714
1714
1714
1714
1714
1714
1714
1714
1714
1714
1714
1714
1714
1714
1714
1714
1714
1714
1714
1714
1713
1713
1713
1713
1713
1713
1713
1713
1713
1713
1713
1713
1713
1712
1712
1712
1712
1712
1712
1712
1711
1711
1711
1711
1711
1711
1711
1711
1710
1710
1710
1710
1710
1710
1710
1710
1710
1710
1710
1710
1710
1710
1710
1710
1710
1710
1710
1709
1709
1709
1709
1709
1709
1709
1709
1709
1709
1709
1709
1709
1709
1709
1709
1709
1709
1709
1709
1709
1709
1708
1708
1708
1708
1708
1708
1708
1708
1708
1708
1708
1708
1708
1708
1708
1708
1708
1708
1707
1707
1707
1707
1707
1707
1707
1707
1707
1707
1707
1707
1707
1707
1707
1707
1707
1707
1707
1706
1706
1706
1706
1706
1706
1706
1706
1706
1706
1706
1706
1706
1706
1705
1705
1705
1705
1705
1705
1705
1705
1705
1704
1704
1704
1704
1704
1704
1704
1704
1704
1704
1704
1704
1704
1704
1704
1704
1704
1704
1704
1704
1703
1703
1703
1703
1703
1703
1703
1703
1703
1702
1702
1702
1702
1702
1702
1702
1702
1702
1701
1701
1701
1700
1700
1700
1700
1700
1700
1700
1700
1700
1700
1700
1700
1700
1700
1700
1700
1700
1700
1699
1699
1699
1699
1699
1699
1699
1699
1699
1699
1699
1699
1699
1699
1699
1699
1698
1698
1698
1698
1698
1698
1698
1698
1698
1698
1698
1697
1697
1697
1697
1697
1696
1696
1696
1696
1696
1696
1696
1696
1696
1696
1696
1696
1696
1696
1695
1695
1695
1695
1695
1695
1695
1695
1695
1695
1695
1695
1695
1695
1694
1694
1694
1694
1694
1694
1694
1694
1694
1694
1694
1694
1693
1693
1693
1693
1693
1693
1693
1693
1693
1693
1693
1693
1693
1693
1693
1693
1693
1693
1692
1692
1692
1692
1692
1692
1692
1692
1692
1691
1691
1691
1691
1691
1691
1691
1691
1691
1691
1691
1691
1690
1690
1690
1690
1690
1690
1690
1690
1690
1690
1690
1690
1690
1690
1690
1690
1690
1690
1690
1690
1690
1690
1689
1689
1689
1689
1689
1689
1689
1689
1689
1689
1689
1689
1689
1689
1689
1689
1689
1689
1689
1688
1688
1688
1688
1688
1688
1688
1688
1688
1688
1688
1688
1688
1688
1688
1688
1688
1688
1688
1687
1687
1687
1687
1687
1687
1687
1687
1687
1686
1686
1686
1686
1686
1686
1686
1685
1685
1685
1685
1685
1685
1685
1685
1685
1685
1685
1684
1684
1684
1684
1684
1684
1684
1684
1684
1684
1684
1684
1684
1683
1683
1683
1683
1683
1683
1683
1682
1682
1682
1682
1681
1681
1681
1681
1681
1681
1681
1681
1681
1681
1680
1680
1680
1680
1680
1680
1680
1680
1680
1680
1680
1680
1680
1680
1680
1680
1680
1680
1679
1679
1679
1679
1679
1679
1679
1679
1679
1679
1679
1679
1679
1679
1679
1679
1679
1679
1678
1678
1678
1678
1678
1678
1678
1678
1678
1678
1678
1677
1677
1677
1677
1677
1677
1677
1677
1677
1677
1676
1676
1676
1676
1676
1676
1676
1676
1676
1676
1675
1675
1675
1675
1675
1675
1675
1675
1675
1675
1674
1674
1674
1674
1674
1674
1674
1674
1674
1674
1674
1674
1674
1674
1674
1674
1673
1673
1673
1673
1673
1673
1673
1673
1673
1672
1672
1672
1672
1672
1672
1671
1671
1671
1671
1671
1671
1671
1671
1671
1671
1671
1671
1671
1671
1671
1671
1671
1671
1671
1671
1671
1671
1671
1671
1671
1671
1671
1671
1671
1671
1671
1671
1670
1670
1670
1670
1670
1670
1670
1670
1670
1670
1670
1670
1670
1670
1670
1670
1670
1670
1670
1670
1670
1669
1669
1669
1669
1669
1669
1669
1669
1669
1669
1669
1669
1669
1669
1669
1669
1669
1669
1669
1669
1668
1668
1668
1668
1668
1668
1668
1668
1668
1668
1667
1667
1667
1667
1667
1667
1667
1667
1667
1667
1666
1666
1666
1666
1666
1666
1666
1666
1665
1665
1665
1665
1665
1665
1665
1665
1665
1665
1665
1665
1665
1665
1665
1665
1665
1665
1665
1664
1664
1664
1664
1664
1664
1664
1664
1664
1664
1664
1664
1664
1664
1664
1664
1664
1664
1664
1664
1664
1664
1664
1664
1664
1664
1664
1664
1664
1664
1664
1664
1664
1664
1664
1664
1664
1664
1664
1663
1663
1663
1663
1663
1663
1663
1663
1663
1663
1663
1662
1662
1661
1661
1661
1661
1661
1661
1661
1660
1660
1660
1660
1660
1660
1660
1660
1660
1660
1660
1660
1660
1660
1660
1660
1660
1660
1660
1660
1660
1660
1660
1660
1660
1660
1660
1660
1660
1660
1660
1660
1660
1660
1660
1660
1660
1660
1660
1660
1660
1660
1660
1660
1660
1659
1659
1659
1659
1659
1659
1659
1659
1658
1658
1658
1658
1658
1658
1658
1658
1657
1657
1657
1657
1656
1656
1656
1656
1656
1656
1655
1655
1655
1655
1655
1655
1655
1655
1655
1654
1654
1654
1654
1654
1654
1654
1654
1654
1654
1654
1654
1654
1653
1653
1653
1653
1653
1653
1653
1653
1652
1652
1652
1652
1652
1652
1652
1652
1652
1651
1651
1651
1651
1650
1650
1650
1650
1650
1650
1650
1650
1650
1650
1650
1650
1650
1650
1650
1650
1650
1650
1650
1650
1650
1650
1650
1650
1650
1650
1650
1650
1650
1650
1650
1650
1650
1650
1650
1650
1650
1650
1649
1649
1649
1649
1649
1649
1649
1649
1649
1649
1649
1648
1648
1648
1648
1648
1648
1648
1648
1648
1648
1647
1647
1647
1647
1647
1647
1647
1647
1647
1647
1647
1647
1647
1647
1647
1647
1647
1647
1647
1646
1646
1646
1646
1646
1646
1646
1646
1646
1645
1645
1645
1645
1645
1645
1645
1645
1645
1645
1645
1644
1644
1644
1644
1644
1644
1644
1644
1644
1644
1644
1644
1644
1644
1644
1644
1644
1644
1644
1644
1644
1644
1643
1643
1643
1643
1643
1643
1643
1643
1643
1643
1642
1642
1642
1642
1642
1642
1642
1642
1642
1641
1641
1641
1641
1641
1641
1641
1641
1641
1641
1641
1641
1641
1641
1641
1641
1641
1641
1641
1641
1641
1641
1641
1641
1641
1641
1641
1640
1640
1640
1640
1640
1640
1640
1640
1640
1640
1640
1639
1639
1639
1639
1639
1639
1639
1639
1639
1639
1639
1639
1639
1639
1639
1639
1639
1639
1639
1639
1639
1639
1639
1639
1639
1639
1639
1639
1639
1639
1639
1639
1639
1639
1639
1639
1639
1639
1639
1639
1639
1639
1639
1639
1639
1639
1639
1639
1639
1639
1639
1639
1639
1638
1638
1638
1638
1638
1638
1638
1638
1638
1638
1638
1638
1638
1638
1638
1638
1638
1638
1638
1638
1638
1638
1638
1638
1638
1638
1638
1638
1638
1637
1637
1637
1637
1637
1637
1637
1637
1637
1637
1637
1637
1636
1636
1636
1636
1636
1636
1636
1636
1636
1636
1636
1635
1635
1635
1635
1635
1635
1635
1635
1635
1635
1635
1635
1635
1635
1635
1635
1635
1635
1635
1635
1635
1635
1635
1635
1635
1635
1635
1635
1635
1635
1635
1635
1635
1635
1635
1635
1635
1635
1635
1635
1635
1635
1635
1635
1635
1635
1635
1635
1635
1635
1635
1635
1635
1635
1635
1635
1635
1635
1635
1635
1635
1635
1634
1634
1634
1634
1634
1634
1634
1634
1634
1634
1634
1634
1634
1634
1634
1634
1634
1634
1634
1634
1634
1634
1634
1634
1634
1634
1634
1634
1634
1634
1634
1634
1634
1634
1634
1634
1633
1633
1633
1633
1633
1633
1633
1633
1633
1633
1633
1633
1633
1633
1633
1633
1633
1633
1633
1633
1633
1633
1633
1633
1633
1633
1633
1633
1633
1633
1633
1633
1633
1633
1633
1633
1634
1634
1634
1634
1634
1634
1634
1634
1634
1634
1634
1634
1634
1634
1634
1634
1634
1634
1634
1634
1634
1634
1634
1634
1634
1634
1634
1634
1634
1634
1634
1634
1634
1634
1634
1634
1634
1634
1634
1633
1633
1633
1633
1633
1633
1633
1633
1633
1633
1633
1632
1632
1632
1632
1632
1631
1631
1631
1631
1631
1631
1631
1632
1632
1632
1632
1632
1632
1632
1632
1632
1632
1632
1632
1632
1632
1632
1632
1632
1632
1632
1632
1633
1633
1633
1633
1633
1633
1633
1633
1633
1633
1633
1633
1633
1633
1633
1633
1633
1633
1633
1633
1633
1633
1633
1633
1633
1633
1633
1633
1633
1633
1633
1633
1633
1633
1633
1633
1633
1633
1633
1633
1633
1633
1633
1633
1633
1633
1633
1633
1633
1634
1634
1634
1634
1634
1634
1634
1634
1634
1634
1633
1633
1633
1633
1633
1633
1633
1633
1632
1632
1632
1632
1632
1631
1631
1631
1631
1631
1630
1630
1629
1628
1627
1626
1625
1625
1624
1624
1623
1622
1620
1618
1616
1615
1614
1614
1614
1613
1613
1612
1612
1611
1610
1610
1610
1609
1609
1609
1609
1609
1609
1608
1608
1608
1608
1608
1607
1607
1607
1607
1607
1607
1607
1607
1607
1607
1607
1607
1607
1607
1607
1608
1608
1608
