1371
1371
1371
1371
1387
1387
1387
1387
1387
1387
1387
1387
1387
1387
1387
1387
1387
1387
1387
1387
1387
1387
1387
1387
1397
1397
1397
1397
1397
1397
1397
1397
1397
1397
1397
1397
1397
1397
1397
1397
1397
1397
1397
1404
1404
1404
1404
1404
1404
1404
1404
1404
1404
1404
1404
1404
1404
1404
1404
1404
1404
1404
1404
1415
1415
1415
1415
1415
1415
1415
1415
1415
1415
1415
1415
1422
1422
1422
1422
1422
1422
1422
1422
1422
1422
1422
1422
1422
1422
1422
1422
1422
1422
1422
1422
1432
1432
1432
1432
1432
1432
1432
1432
1432
1432
1432
1432
1432
1432
1432
1432
1432
1432
1432
1439
1439
1439
1439
1439
1439
1439
1439
1439
1439
1439
1439
1439
1439
1439
1439
1439
1439
1439
1439
1443
1443
1443
1443
1443
1443
1443
1443
1443
1443
1443
1443
1443
1443
1443
1443
1443
1443
1443
1450
1450
1450
1450
1450
1450
1450
1450
1450
1450
1450
1450
1450
1450
1450
1450
1450
1450
1450
1450
1457
1457
1457
1457
1457
1457
1457
1457
1457
1457
1457
1457
1457
1457
1457
1457
1457
1457
1457
1457
1464
1464
1464
1464
1464
1464
1464
1464
1464
1464
1464
1464
1464
1464
1464
1464
1464
1464
1464
1470
1470
1470
1470
1470
1470
1470
1470
1470
1470
1470
1470
1470
1470
1470
1470
1470
1470
1470
1470
1474
1474
1474
1474
1474
1474
1474
1474
1474
1474
1474
1474
1474
1474
1474
1474
1474
1474
1474
1474
1479
1479
1479
1479
1479
1479
1479
1479
1479
1479
1479
1479
1479
1479
1479
1479
1479
1479
1479
1484
1484
1484
1484
1484
1484
1484
1484
1484
1484
1484
1484
1484
1484
1484
1484
1484
1484
1484
1484
1487
1487
1487
1487
1487
1487
1487
1487
1487
1487
1487
1487
1487
1487
1487
1487
1487
1487
1487
1489
1489
1489
1489
1489
1489
1489
1489
1489
1489
1489
1489
1489
1489
1489
1489
1489
1489
1489
1489
1491
1491
1491
1491
1491
1491
1491
1491
1491
1491
1491
1491
1491
1491
1491
1491
1491
1491
1491
1491
1494
1494
1494
1494
1494
1494
1494
1494
1494
1494
1494
1494
1494
1494
1494
1494
1494
1494
1494
1496
1496
1496
1496
1496
1496
1496
1496
1496
1496
1496
1496
1496
1496
1496
1496
1496
1496
1496
1496
1499
1499
1499
1499
1499
1499
1499
1499
1499
1499
1499
1499
1499
1499
1499
1499
1499
1499
1499
1499
1499
1499
1499
1499
1499
1499
1499
1499
1499
1499
1499
1499
1499
1499
1499
1499
1499
1499
1499
1500
1500
1500
1500
1500
1500
1500
1500
1500
1500
1500
1500
1500
1500
1500
1500
1500
1500
1500
1500
1502
1502
1502
1502
1502
1502
1502
1502
1502
1502
1502
1502
1502
1502
1502
1502
1502
1502
1502
1504
1504
1504
1504
1504
1504
1504
1504
1504
1504
1504
1504
1504
1504
1504
1504
1504
1504
1504
1504
1505
1505
1505
1505
1505
1505
1505
1505
1505
1505
1505
1505
1505
1505
1505
1505
1505
1505
1505
1505
1505
1505
1505
1505
1505
1505
1505
1505
1505
1505
1505
1505
1505
1505
1505
1505
1505
1505
1505
1505
1505
1505
1505
1505
1505
1505
1505
1505
1505
1505
1505
1505
1505
1505
1505
1505
1505
1505
1505
1505
1505
1505
1505
1505
1505
1505
1505
1505
1505
1505
1505
1505
1505
1505
1505
1505
1505
1505
1505
1505
1505
1505
1505
1505
1505
1505
1505
1505
1505
1505
1505
1505
1505
1505
1505
1505
1505
1505
1506
1506
1506
1506
1506
1506
1506
1506
1506
1506
1506
1506
1506
1506
1506
1506
1506
1506
1506
1506
1506
1506
1506
1506
1506
1506
1506
1506
1506
1506
1506
1506
1506
1506
1506
1506
1506
1506
1506
1505
1505
1505
1505
1505
1505
1505
1505
1505
1505
1505
1505
1505
1505
1505
1505
1505
1505
1505
1505
1505
1505
1505
1505
1505
1505
1505
1505
1505
1505
1505
1505
1505
1505
1505
1505
1505
1505
1505
1505
1505
1505
1505
1505
1505
1505
1505
1505
1505
1505
1505
1505
1505
1505
1505
1505
1505
1505
1505
1505
1505
1505
1505
1505
1505
1505
1505
1505
1505
1505
1505
1505
1505
1505
1505
1505
1505
1505
1505
1504
1504
1504
1504
1504
1504
1504
1504
1504
1504
1504
1504
1504
1504
1504
1504
1504
1504
1504
1504
1504
1504
1504
1504
1504
1504
1504
1504
1504
1504
1504
1504
1504
1504
1504
1504
1504
1504
1504
1503
1503
1503
1503
1503
1503
1503
1503
1503
1503
1503
1503
1503
1503
1503
1503
1503
1503
1503
1503
1502
1502
1502
1502
1502
1502
1502
1502
1502
1502
1502
1502
1502
1502
1502
1502
1502
1502
1502
1502
1502
1502
1502
1502
1502
1502
1502
1502
1502
1502
1502
1502
1502
1502
1502
1502
1502
1502
1502
1501
1501
1501
1501
1501
1501
1501
1501
1501
1501
1501
1501
1501
1501
1501
1501
1501
1501
1501
1500
1500
1500
1500
1500
1500
1500
1500
1500
1500
1500
1500
1500
1500
1500
1500
1500
1500
1500
1500
1499
1499
1499
1499
1499
1499
1499
1499
1499
1499
1499
1499
1499
1499
1499
1499
1499
1499
1499
1499
1499
1499
1499
1499
1499
1499
1499
1499
1499
1499
1499
1499
1499
1499
1499
1499
1499
1499
1499
1500
1500
1500
1500
1500
1500
1500
1500
1500
1500
1500
1500
1500
1500
1500
1500
1500
1500
1500
1500
1500
1500
1500
1500
1500
1500
1500
1500
1500
1500
1500
1500
1500
1500
1500
1500
1500
1500
1500
1500
1500
1500
1500
1500
1500
1500
1500
1500
1500
1500
1500
1500
1500
1500
1500
1500
1500
1500
1500
1499
1499
1499
1499
1499
1499
1499
1499
1499
1499
1499
1499
1499
1499
1499
1499
1499
1499
1499
1499
1499
1499
1499
1499
1499
1499
1499
1499
1499
1499
1499
1499
1499
1499
1499
1499
1499
1499
1499
1499
1499
1499
1499
1499
1499
1499
1499
1499
1499
1499
1499
1499
1499
1499
1499
1499
1499
1499
1499
1499
1499
1499
1499
1499
1499
1499
1499
1499
1499
1499
1499
1499
1499
1499
1499
1499
1499
1499
1499
1500
1500
1500
1500
1500
1500
1500
1500
1500
1500
1500
1500
1500
1500
1500
1500
1500
1500
1500
1500
1500
1500
1500
1500
1500
1500
1500
1500
1500
1500
1500
1500
1500
1500
1500
1500
1500
1500
1500
1499
1499
1499
1499
1499
1499
1499
1499
1499
1499
1499
1499
1499
1499
1499
1499
1499
1499
1499
1499
1499
1499
1499
1499
1499
1499
1499
1499
1499
1499
1499
1499
1499
1499
1499
1499
1499
1499
1499
1500
1500
1500
1500
1500
1500
1500
1500
1500
1500
1500
1500
1500
1500
1500
1500
1500
1500
1500
1500
1500
1500
1500
1500
1500
1500
1500
1500
1500
1500
1500
1500
1500
1500
1500
1500
1500
1500
1500
1501
1501
1501
1501
1501
1501
1501
1501
1501
1501
1501
1501
1501
1501
1501
1501
1501
1501
1501
1501
1502
1502
1502
1502
1502
1502
1502
1502
1502
1502
1502
1502
1502
1502
1502
1502
1502
1502
1502
1503
1503
1503
1503
1503
1503
1503
1503
1503
1503
1503
1503
1503
1503
1503
1503
1503
1503
1503
1503
1503
1503
1503
1503
1503
1503
1503
1503
1503
1503
1503
1503
1503
1503
1503
1503
1503
1503
1503
1503
1504
1504
1504
1504
1504
1504
1504
1504
1504
1504
1504
1504
1504
1504
1504
1504
1504
1504
1504
1505
1505
1505
1505
1505
1505
1505
1505
1505
1505
1505
1505
1505
1505
1505
1505
1505
1505
1505
1505
1505
1505
1505
1505
1505
1505
1505
1505
1505
1505
1505
1505
1505
1505
1505
1505
1505
1505
1505
1508
1508
1508
1508
1508
1508
1508
1508
1508
1508
1508
1508
1508
1508
1508
1508
1508
1508
1508
1508
1509
1509
1509
1509
1509
1509
1509
1509
1509
1509
1509
1509
1509
1509
1509
1509
1509
1509
1509
1509
1511
1511
1511
1511
1511
1511
1511
1511
1511
1511
1511
1511
1511
1511
1511
1511
1511
1511
1511
1512
1512
1512
1512
1512
1512
1512
1512
1512
1512
1512
1512
1512
1512
1512
1512
1512
1512
1512
1512
1514
1514
1514
1514
1514
1514
1514
1514
1514
1514
1514
1514
1514
1514
1514
1514
1514
1514
1514
1514
1517
1517
1517
1517
1517
1517
1517
1517
1517
1517
1517
1517
1517
1517
1517
1517
1517
1517
1517
1519
1519
1519
1519
1519
1519
1519
1519
1519
1519
1519
1519
1519
1519
1519
1519
1519
1519
1519
1519
1521
1521
1521
1521
1521
1521
1521
1521
1521
1521
1521
1521
1521
1521
1521
1521
1521
1521
1521
1523
1523
1523
1523
1523
1523
1523
1523
1523
1523
1523
1523
1523
1523
1523
1523
1523
1523
1523
1523
1525
1525
1525
1525
1525
1525
1525
1525
1525
1525
1525
1525
1525
1525
1525
1525
1525
1525
1525
1525
1529
1529
1529
1529
1529
1529
1529
1529
1529
1529
1529
1529
1529
1529
1529
1529
1529
1529
1529
1532
1532
1532
1532
1532
1532
1532
1532
1532
1532
1532
1532
1532
1532
1532
1532
1532
1532
1532
1532
1534
1534
1534
1534
1534
1534
1534
1534
1534
1534
1534
1534
1534
1534
1534
1534
1534
1534
1534
1536
1536
1536
1536
1536
1536
1536
1536
1536
1536
1536
1536
1536
1536
1536
1536
1536
1536
1536
1536
1539
1539
1539
1539
1539
1539
1539
1539
1539
1539
1539
1539
1539
1539
1539
1539
1539
1539
1539
1539
1543
1543
1543
1543
1543
1543
1543
1543
1543
1543
1543
1543
1543
1543
1543
1543
1543
1543
1543
1547
1547
1547
1547
1547
1547
1547
1547
1547
1547
1547
1547
1547
1547
1547
1547
1547
1547
1547
1547
1549
1549
1549
1549
1549
1549
1549
1549
1549
1549
1549
1549
1549
1549
1549
1549
1549
1549
1549
1551
1551
1551
1551
1551
1551
1551
1551
1551
1551
1551
1551
1551
1551
1551
1551
1551
1551
1551
1551
1555
1555
1555
1555
1555
1555
1555
1555
1555
1555
1555
1555
1555
1555
1555
1555
1555
1555
1555
1555
1559
1559
1559
1559
1559
1559
1559
1559
1559
1559
1559
1559
1559
1559
1559
1559
1559
1559
1559
1562
1562
1562
1562
1562
1562
1562
1562
1562
1562
1562
1562
1562
1562
1562
1562
1562
1562
1562
1562
1565
1565
1565
1565
1565
1565
1565
1565
1565
1565
1565
1565
1565
1565
1565
1565
1565
1565
1565
1565
1568
1568
1568
1568
1568
1568
1568
1568
1568
1568
1568
1568
1568
1568
1568
1568
1568
1568
1568
1573
1573
1573
1573
1573
1573
1573
1573
1573
1573
1573
1573
1573
1573
1573
1573
1573
1573
1573
1573
1577
1577
1577
1577
1577
1577
1577
1577
1577
1577
1577
1577
1577
1577
1577
1577
1577
1577
1577
1581
1581
1581
1581
1581
1581
1581
1581
1581
1581
1581
1581
1581
1581
1581
1581
1581
1581
1581
1581
1584
1584
1584
1584
1584
1584
1584
1584
1584
1584
1584
1584
1584
1584
1584
1584
1584
1584
1584
1584
1588
1588
1588
1588
1588
1588
1588
1588
1588
1588
1588
1588
1588
1588
1588
1588
1588
1588
1588
1593
1593
1593
1593
1593
1593
1593
1593
1593
1593
1593
1593
1593
1593
1593
1593
1593
1593
1593
1593
1596
1596
1596
1596
1596
1596
1596
1596
1596
1596
1596
1596
1596
1596
1596
1596
1596
1596
1596
1600
1600
1600
1600
1600
1600
1600
1600
1600
1600
1600
1600
1600
1600
1600
1600
1600
1600
1600
1600
1604
1604
1604
1604
1604
1604
1604
1604
1604
1604
1604
1604
1604
1604
1604
1604
1604
1604
1604
1604
1608
1608
1608
1608
1608
1608
1608
1608
1608
1608
1608
1608
1608
1608
1608
1608
1608
1608
1608
1614
1614
1614
1614
1614
1614
1614
1614
1614
1614
1614
1614
1614
1614
1614
1614
1614
1614
1614
1614
1619
1619
1619
1619
1619
1619
1619
1619
1619
1619
1619
1619
1619
1619
1619
1619
1619
1619
1619
1622
1622
1622
1622
1622
1622
1622
1622
1622
1622
1622
1622
1622
1622
1622
1622
1622
1622
1622
1622
1624
1624
1624
1624
1624
1624
1624
1624
1624
1624
1624
1624
1624
1624
1624
1624
1624
1624
1624
1624
1628
1628
1628
1628
1628
1628
1628
1628
1628
1628
1628
1628
1628
1628
1628
1628
1628
1628
1628
1634
1634
1634
1634
1634
1634
1634
1634
1634
1634
1634
1634
1634
1634
1634
1634
1634
1634
1634
1634
1639
1639
1639
1639
1639
1639
1639
1639
1639
1639
1639
1639
1639
1639
1639
1639
1639
1639
1639
1643
1643
1643
1643
1643
1643
1643
1643
1643
1643
1643
1643
1643
1643
1643
1643
1643
1643
1643
1643
1646
1646
1646
1646
1646
1646
1646
1646
1646
1646
1646
1646
1646
1646
1646
1646
1646
1646
1646
1646
1649
1649
1649
1649
1649
1649
1649
1649
1649
1649
1649
1649
1649
1649
1649
1649
1649
1649
1649
1655
1655
1655
1655
1655
1655
1655
1655
1655
1655
1655
1655
1655
1655
1655
1655
1655
1655
1655
1655
1660
1660
1660
1660
1660
1660
1660
1660
1660
1660
1660
1660
1660
1660
1660
1660
1660
1660
1660
1664
1664
1664
1664
1664
1664
1664
1664
1664
1664
1664
1664
1664
1664
1664
1664
1664
1664
1664
1664
1667
1667
1667
1667
1667
1667
1667
1667
1667
1667
1667
1667
1667
1667
1667
1667
1667
1667
1667
1667
1671
1671
1671
1671
1671
1671
1671
1671
1671
1671
1671
1671
1671
1671
1671
1671
1671
1671
1671
1675
1675
1675
1675
1675
1675
1675
1675
1675
1675
1675
1675
1675
1675
1675
1675
1675
1675
1675
1675
1680
1680
1680
1680
1680
1680
1680
1680
1680
1680
1680
1680
1680
1680
1680
1680
1680
1680
1680
1683
1683
1683
1683
1683
1683
1683
1683
1683
1683
1683
1683
1683
1683
1683
1683
1683
1683
1683
1683
1684
1684
1684
1684
1684
1684
1684
1684
1684
1684
1684
1684
1684
1684
1684
1684
1684
1684
1684
1684
1689
1689
1689
1689
1689
1689
1689
1689
1689
1689
1689
1689
1689
1689
1689
1689
1689
1689
1689
1693
1693
1693
1693
1693
1693
1693
1693
1693
1693
1693
1693
1693
1693
1693
1693
1693
1693
1693
1693
1696
1696
1696
1696
1696
1696
1696
1696
1696
1696
1696
1696
1696
1696
1696
1696
1696
1696
1696
1698
1698
1698
1698
1698
1698
1698
1698
1698
1698
1698
1698
1698
1698
1698
1698
1698
1698
1698
1698
1701
1701
1701
1701
1701
1701
1701
1701
1701
1701
1701
1701
1701
1701
1701
1701
1701
1701
1701
1701
1706
1706
1706
1706
1706
1706
1706
1706
1706
1706
1706
1706
1706
1706
1706
1706
1706
1706
1706
1710
1710
1710
1710
1710
1710
1710
1710
1710
1710
1710
1710
1710
1710
1710
1710
1710
1710
1710
1710
1714
1714
1714
1714
1714
1714
1714
1714
1714
1714
1714
1714
1714
1714
1714
1714
1714
1714
1714
1714
1715
1715
1715
1715
1715
1715
1715
1715
1715
1715
1715
1715
1715
1715
1715
1715
1715
1715
1715
1719
1719
1719
1719
1719
1719
1719
1719
1719
1719
1719
1719
1719
1719
1719
1719
1719
1719
1719
1719
1722
1722
1722
1722
1722
1722
1722
1722
1722
1722
1722
1722
1722
1722
1722
1722
1722
1722
1722
1726
1726
1726
1726
1726
1726
1726
1726
1726
1726
1726
1726
1726
1726
1726
1726
1726
1726
1726
1726
1729
1729
1729
1729
1729
1729
1729
1729
1729
1729
1729
1729
1729
1729
1729
1729
1729
1729
1729
1729
1729
1729
1729
1729
1729
1729
1729
1729
1729
1729
1729
1729
1729
1729
1729
1729
1729
1729
1729
1732
1732
1732
1732
1732
1732
1732
1732
1732
1732
1732
1732
1732
1732
1732
1732
1732
1732
1732
1732
1734
1734
1734
1734
1734
1734
1734
1734
1734
1734
1734
1734
1734
1734
1734
1734
1734
1734
1734
1737
1737
1737
1737
1737
1737
1737
1737
1737
1737
1737
1737
1737
1737
1737
1737
1737
1737
1737
1737
1739
1739
1739
1739
1739
1739
1739
1739
1739
1739
1739
1739
1739
1739
1739
1739
1739
1739
1739
1739
1739
1739
1739
1739
1739
1739
1739
1739
1739
1739
1739
1739
1739
1739
1739
1739
1739
1739
1739
1741
1741
1741
1741
1741
1741
1741
1741
1741
1741
1741
1741
1741
1741
1741
1741
1741
1741
1741
1741
1745
1745
1745
1745
1745
1745
1745
1745
1745
1745
1745
1745
1745
1745
1745
1745
1745
1745
1745
1747
1747
1747
1747
1747
1747
1747
1747
1747
1747
1747
1747
1747
1747
1747
1747
1747
1747
1747
1747
1749
1749
1749
1749
1749
1749
1749
1749
1749
1749
1749
1749
1749
1749
1749
1749
1749
1749
1749
1749
1750
1750
1750
1750
1750
1750
1750
1750
1750
1750
1750
1750
1750
1750
1750
1750
1750
1750
1750
1753
1753
1753
1753
1753
1753
1753
1753
1753
1753
1753
1753
1753
1753
1753
1753
1753
1753
1753
1753
1755
1755
1755
1755
1755
1755
1755
1755
1755
1755
1755
1755
1755
1755
1755
1755
1755
1755
1755
1755
1755
1755
1755
1755
1755
1755
1755
1755
1755
1755
1755
1755
1755
1755
1755
1755
1755
1755
1755
1755
1755
1755
1755
1755
1755
1755
1755
1755
1755
1755
1755
1755
1755
1755
1755
1755
1755
1755
1755
1755
1755
1755
1755
1755
1755
1755
1755
1755
1755
1755
1755
1755
1755
1755
1755
1755
1755
1755
1757
1757
1757
1757
1757
1757
1757
1757
1757
1757
1757
1757
1757
1757
1757
1757
1757
1757
1757
1757
1759
1759
1759
1759
1759
1759
1759
1759
1759
1759
1759
1759
1759
1759
1759
1759
1759
1759
1759
1759
1759
1759
1759
1759
1759
1759
1759
1759
1759
1759
1759
1759
1759
1759
1759
1759
1759
1759
1759
1760
1760
1760
1760
1760
1760
1760
1760
1760
1760
1760
1760
1760
1760
1760
1760
1760
1760
1760
1760
1762
1762
1762
1762
1762
1762
1762
1762
1762
1762
1762
1762
1762
1762
1762
1762
1762
1762
1762
1761
1761
1761
1761
1761
1761
1761
1761
1761
1761
1761
1761
1761
1761
1761
1761
1761
1761
1761
1761
1762
1762
1762
1762
1762
1762
1762
1762
1762
1762
1762
1762
1762
1762
1762
1762
1762
1762
1762
1762
1763
1763
1763
1763
1763
1763
1763
1763
1763
1763
1763
1763
1763
1763
1763
1763
1763
1763
1763
1763
1763
1763
1763
1763
1763
1763
1763
1763
1763
1763
1763
1763
1763
1763
1763
1763
1763
1763
1763
1763
1763
1763
1763
1763
1763
1763
1763
1763
1763
1763
1763
1763
1763
1763
1763
1763
1763
1763
1763
1763
1763
1763
1763
1763
1763
1763
1763
1763
1763
1763
1763
1763
1763
1763
1763
1763
1763
1763
1764
1764
1764
1764
1764
1764
1764
1764
1764
1764
1764
1764
1764
1764
1764
1764
1764
1764
1764
1764
1764
1764
1764
1764
1764
1764
1764
1764
1764
1764
1764
1764
1764
1764
1764
1764
1764
1764
1764
1764
1764
1764
1764
1764
1764
1764
1764
1764
1764
1764
1764
1764
1764
1764
1764
1764
1764
1764
1764
1763
1763
1763
1763
1763
1763
1763
1763
1763
1763
1763
1763
1763
1763
1763
1763
1763
1763
1763
1763
1763
1763
1763
1763
1763
1763
1763
1763
1763
1763
1763
1763
1763
1763
1763
1763
1763
1763
1763
1764
1764
1764
1764
1764
1764
1764
1764
1764
1764
1764
1764
1764
1764
1764
1764
1764
1764
1764
1764
1764
1764
1764
1764
1764
1764
1764
1764
1764
1764
1764
1764
1764
1764
1764
1764
1764
1764
1764
1762
1762
1762
1762
1762
1762
1762
1762
1762
1762
1762
1762
1762
1762
1762
1762
1762
1762
1762
1762
1760
1760
1760
1760
1760
1760
1760
1760
1760
1760
1760
1760
1760
1760
1760
1760
1760
1760
1760
1760
1760
1760
1760
1760
1760
1760
1760
1760
1760
1760
1760
1760
1760
1760
1760
1760
1760
1760
1760
1759
1759
1759
1759
1759
1759
1759
1759
1759
1759
1759
1759
1759
1759
1759
1759
1759
1759
1759
1759
1759
1759
1759
1759
1759
1759
1759
1759
1759
1759
1759
1759
1759
1759
1759
1759
1759
1759
1759
1758
1758
1758
1758
1758
1758
1758
1758
1758
1758
1758
1758
1758
1758
1758
1758
1758
1758
1758
1758
1757
1757
1757
1757
1757
1757
1757
1757
1757
1757
1757
1757
1757
1757
1757
1757
1757
1757
1757
1757
1757
1757
1757
1757
1757
1757
1757
1757
1757
1757
1757
1757
1757
1757
1757
1757
1757
1757
1757
1757
1757
1757
1757
1757
1757
1757
1757
1757
1757
1757
1757
1757
1757
1757
1757
1757
1757
1757
1757
1755
1755
1755
1755
1755
1755
1755
1755
1755
1755
1755
1755
1755
1755
1755
1755
1755
1755
1755
1754
1754
1754
1754
1754
1754
1754
1754
1754
1754
1754
1754
1754
1754
1754
1754
1754
1754
1754
1754
1754
1754
1754
1754
1754
1754
1754
1754
1754
1754
1754
1754
1754
1754
1754
1754
1754
1754
1754
1753
1753
1753
1753
1753
1753
1753
1753
1753
1753
1753
1753
1753
1753
1753
1753
1753
1753
1753
1753
1754
1754
1754
1754
1754
1754
1754
1754
1754
1754
1754
1754
1754
1754
1754
1754
1754
1754
1754
1754
1752
1752
1752
1752
1752
1752
1752
1752
1752
1752
1752
1752
1752
1752
1752
1752
1752
1752
1752
1749
1749
1749
1749
1749
1749
1749
1749
1749
1749
1749
1749
1749
1749
1749
1749
1749
1749
1749
1749
1750
1750
1750
1750
1750
1750
1750
1750
1750
1750
1750
1750
1750
1750
1750
1750
1750
1750
1750
1750
1750
1750
1750
1750
1750
1750
1750
1750
1750
1750
1750
1750
1750
1750
1750
1750
1750
1750
1750
1749
1749
1749
1749
1749
1749
1749
1749
1749
1749
1749
1749
1749
1749
1749
1749
1749
1749
1749
1749
1749
1749
1749
1749
1749
1749
1749
1749
1749
1749
1749
1749
1749
1749
1749
1749
1749
1749
1749
1748
1748
1748
1748
1748
1748
1748
1748
1748
1748
1748
1748
1748
1748
1748
1748
1748
1748
1748
1748
1747
1747
1747
1747
1747
1747
1747
1747
1747
1747
1747
1747
1747
1747
1747
1747
1747
1747
1747
1746
1746
1746
1746
1746
1746
1746
1746
1746
1746
1746
1746
1746
1746
1746
1746
1746
1746
1746
1746
1745
1745
1745
1745
1745
1745
1745
1745
1745
1745
1745
1745
1745
1745
1745
1745
1745
1745
1745
1745
1744
1744
1744
1744
1744
1744
1744
1744
1744
1744
1744
1744
1744
1744
1744
1744
1744
1744
1744
1743
1743
1743
1743
1743
1743
1743
1743
1743
1743
1743
1743
1743
1743
1743
1743
1743
1743
1743
1743
1741
1741
1741
1741
1741
1741
1741
1741
1741
1741
1741
1741
1741
1741
1741
1741
1741
1741
1741
1739
1739
1739
1739
1739
1739
1739
1739
1739
1739
1739
1739
1739
1739
1739
1739
1739
1739
1739
1739
1738
1738
1738
1738
1738
1738
1738
1738
1738
1738
1738
1738
1738
1738
1738
1738
1738
1738
1738
1738
1736
1736
1736
1736
1736
1736
1736
1736
1736
1736
1736
1736
1736
1736
1736
1736
1736
1736
1736
1734
1734
1734
1734
1734
1734
1734
1734
1734
1734
1734
1734
1734
1734
1734
1734
1734
1734
1734
1734
1732
1732
1732
1732
1732
1732
1732
1732
1732
1732
1732
1732
1732
1732
1732
1732
1732
1732
1732
1731
1731
1731
1731
1731
1731
1731
1731
1731
1731
1731
1731
1731
1731
1731
1731
1731
1731
1731
1731
1729
1729
1729
1729
1729
1729
1729
1729
1729
1729
1729
1729
1729
1729
1729
1729
1729
1729
1729
1729
1727
1727
1727
1727
1727
1727
1727
1727
1727
1727
1727
1727
1727
1727
1727
1727
1727
1727
1727
1725
1725
1725
1725
1725
1725
1725
1725
1725
1725
1725
1725
1725
1725
1725
1725
1725
1725
1725
1725
1724
1724
1724
1724
1724
1724
1724
1724
1724
1724
1724
1724
1724
1724
1724
1724
1724
1724
1724
1724
1724
1724
1724
1724
1724
1724
1724
1724
1724
1724
1724
1724
1724
1724
1724
1724
1724
1724
1724
1723
1723
1723
1723
1723
1723
1723
1723
1723
1723
1723
1723
1723
1723
1723
1723
1723
1723
1723
1723
1720
1720
1720
1720
1720
1720
1720
1720
1720
1720
1720
1720
1720
1720
1720
1720
1720
1720
1720
1718
1718
1718
1718
1718
1718
1718
1718
1718
1718
1718
1718
1718
1718
1718
1718
1718
1718
1718
1718
1715
1715
1715
1715
1715
1715
1715
1715
1715
1715
1715
1715
1715
1715
1715
1715
1715
1715
1715
1715
1715
1715
1715
1715
1715
1715
1715
1715
1715
1715
1715
1715
1715
1715
1715
1715
1715
1715
1715
1714
1714
1714
1714
1714
1714
1714
1714
1714
1714
1714
1714
1714
1714
1714
1714
1714
1714
1714
1714
1713
1713
1713
1713
1713
1713
1713
1713
1713
1713
1713
1713
1713
1713
1713
1713
1713
1713
1713
1712
1712
1712
1712
1712
1712
1712
1712
1712
1712
1712
1712
1712
1712
1712
1712
1712
1712
1712
1712
1710
1710
1710
1710
1710
1710
1710
1710
1710
1710
1710
1710
1710
1710
1710
1710
1710
1710
1710
1709
1709
1709
1709
1709
1709
1709
1709
1709
1709
1709
1709
1709
1709
1709
1709
1709
1709
1709
1709
1707
1707
1707
1707
1707
1707
1707
1707
1707
1707
1707
1707
1707
1707
1707
1707
1707
1707
1707
1707
1704
1704
1704
1704
1704
1704
1704
1704
1704
1704
1704
1704
1704
1704
1704
1704
1704
1704
1704
1703
1703
1703
1703
1703
1703
1703
1703
1703
1703
1703
1703
1703
1703
1703
1703
1703
1703
1703
1703
1703
1703
1703
1703
1703
1703
1703
1703
1703
1703
1703
1703
1703
1703
1703
1703
1703
1703
1703
1701
1701
1701
1701
1701
1701
1701
1701
1701
1701
1701
1701
1701
1701
1701
1701
1701
1701
1701
1701
1700
1700
1700
1700
1700
1700
1700
1700
1700
1700
1700
1700
1700
1700
1700
1700
1700
1700
1700
1700
1699
1699
1699
1699
1699
1699
1699
1699
1699
1699
1699
1699
1699
1699
1699
1699
1699
1699
1699
1699
1699
1699
1699
1699
1699
1699
1699
1699
1699
1699
1699
1699
1699
1699
1699
1699
1699
1699
1699
1697
1697
1697
1697
1697
1697
1697
1697
1697
1697
1697
1697
1697
1697
1697
1697
1697
1697
1697
1695
1695
1695
1695
1695
1695
1695
1695
1695
1695
1695
1695
1695
1695
1695
1695
1695
1695
1695
1695
1695
1695
1695
1695
1695
1695
1695
1695
1695
1695
1695
1695
1695
1695
1695
1695
1695
1695
1695
1695
1694
1694
1694
1694
1694
1694
1694
1694
1694
1694
1694
1694
1694
1694
1694
1694
1694
1694
1694
1692
1692
1692
1692
1692
1692
1692
1692
1692
1692
1692
1692
1692
1692
1692
1692
1692
1692
1692
1692
1691
1691
1691
1691
1691
1691
1691
1691
1691
1691
1691
1691
1691
1691
1691
1691
1691
1691
1691
1689
1689
1689
1689
1689
1689
1689
1689
1689
1689
1689
1689
1689
1689
1689
1689
1689
1689
1689
1689
1688
1688
1688
1688
1688
1688
1688
1688
1688
1688
1688
1688
1688
1688
1688
1688
1688
1688
1688
1688
1684
1684
1684
1684
1684
1684
1684
1684
1684
1684
1684
1684
1684
1684
1684
1684
1684
1684
1684
1683
1683
1683
1683
1683
1683
1683
1683
1683
1683
1683
1683
1683
1683
1683
1683
1683
1683
1683
1683
1683
1683
1683
1683
1683
1683
1683
1683
1683
1683
1683
1683
1683
1683
1683
1683
1683
1683
1683
1680
1680
1680
1680
1680
1680
1680
1680
1680
1680
1680
1680
1680
1680
1680
1680
1680
1680
1680
1680
1679
1679
1679
1679
1679
1679
1679
1679
1679
1679
1679
1679
1679
1679
1679
1679
1679
1679
1679
1679
1678
1678
1678
1678
1678
1678
1678
1678
1678
1678
1678
1678
1678
1678
1678
1678
1678
1678
1678
1677
1677
1677
1677
1677
1677
1677
1677
1677
1677
1677
1677
1677
1677
1677
1677
1677
1677
1677
1677
1675
1675
1675
1675
1675
1675
1675
1675
1675
1675
1675
1675
1675
1675
1675
1675
1675
1675
1675
1674
1674
1674
1674
1674
1674
1674
1674
1674
1674
1674
1674
1674
1674
1674
1674
1674
1674
1674
1674
1673
1673
1673
1673
1673
1673
1673
1673
1673
1673
1673
1673
1673
1673
1673
1673
1673
1673
1673
1673
1672
1672
1672
1672
1672
1672
1672
1672
1672
1672
1672
1672
1672
1672
1672
1672
1672
1672
1672
1671
1671
1671
1671
1671
1671
1671
1671
1671
1671
1671
1671
1671
1671
1671
1671
1671
1671
1671
1671
1670
1670
1670
1670
1670
1670
1670
1670
1670
1670
1670
1670
1670
1670
1670
1670
1670
1670
1670
1669
1669
1669
1669
1669
1669
1669
1669
1669
1669
1669
1669
1669
1669
1669
1669
1669
1669
1669
1669
1668
1668
1668
1668
1668
1668
1668
1668
1668
1668
1668
1668
1668
1668
1668
1668
1668
1668
1668
1666
1666
1666
1666
1666
1666
1666
1666
1666
1666
1666
1666
1666
1666
1666
1666
1666
1666
1666
1666
1664
1664
1664
1664
1664
1664
1664
1664
1664
1664
1664
1664
1664
1664
1664
1664
1664
1664
1664
1664
1663
1663
1663
1663
1663
1663
1663
1663
1663
1663
1663
1663
1663
1663
1663
1663
1663
1663
1663
1661
1661
1661
1661
1661
1661
1661
1661
1661
1661
1661
1661
1661
1661
1661
1661
1661
1661
1661
1661
1659
1659
1659
1659
1659
1659
1659
1659
1659
1659
1659
1659
1659
1659
1659
1659
1659
1659
1659
1658
1658
1658
1658
1658
1658
1658
1658
1658
1658
1658
1658
1658
1658
1658
1658
1658
1658
1658
1658
1656
1656
1656
1656
1656
1656
1656
1656
1656
1656
1656
1656
1656
1656
1656
1656
1656
1656
1656
1656
1655
1655
1655
1655
1655
1655
1655
1655
1655
1655
1655
1655
1655
1655
1655
1655
1655
1655
1655
1654
1654
1654
1654
1654
1654
1654
1654
1654
1654
1654
1654
1654
1654
1654
1654
1654
1654
1654
1654
1651
1651
1651
1651
1651
1651
1651
1651
1651
1651
1651
1651
1651
1651
1651
1651
1651
1651
1651
1651
1649
1649
1649
1649
1649
1649
1649
1649
1649
1649
1649
1649
1649
1649
1649
1649
1649
1649
1649
1649
1649
1649
1649
1649
1649
1649
1649
1649
1649
1649
1649
1649
1649
1649
1649
1649
1649
1649
1649
1649
1649
1649
1649
1649
1649
1649
1649
1649
1649
1649
1649
1649
1649
1649
1649
1649
1649
1649
1648
1648
1648
1648
1648
1648
1648
1648
1648
1648
1648
1648
1648
1648
1648
1648
1648
1648
1648
1648
1645
1645
1645
1645
1645
1645
1645
1645
1645
1645
1645
1645
1645
1645
1645
1645
1645
1645
1645
1644
1644
1644
1644
1644
1644
1644
1644
1644
1644
1644
1644
1644
1644
1644
1644
1644
1644
1644
1644
1644
1644
1644
1644
1644
1644
1644
1644
1644
1644
1644
1644
1644
1644
1644
1644
1644
1644
1644
1644
1643
1643
1643
1643
1643
1643
1643
1643
1643
1643
1643
1643
1643
1643
1643
1643
1643
1643
1643
1642
1642
1642
1642
1642
1642
1642
1642
1642
1642
1642
1642
1642
1642
1642
1642
1642
1642
1642
1642
1640
1640
1640
1640
1640
1640
1640
1640
1640
1640
1640
1640
1640
1640
1640
1640
1640
1640
1640
1640
1639
1639
1639
1639
1639
1639
1639
1639
1639
1639
1639
1639
1639
1639
1639
1639
1639
1639
1639
1639
1639
1639
1639
1639
1639
1639
1639
1639
1639
1639
1639
1639
1639
1639
1639
1639
1639
1639
1639
1639
1639
1639
1639
1639
1639
1639
1639
1639
1639
1639
1639
1639
1639
1639
1639
1639
1639
1639
1639
1639
1639
1639
1639
1639
1639
1639
1639
1639
1639
1639
1639
1639
1639
1639
1639
1639
1639
1639
1638
1638
1638
1638
1638
1638
1638
1638
1638
1638
1638
1638
1638
1638
1638
1638
1638
1638
1638
1635
1635
1635
1635
1635
1635
1635
1635
1635
1635
1635
1635
1635
1635
1635
1635
1635
1635
1635
1635
1635
1635
1635
1635
1635
1635
1635
1635
1635
1635
1635
1635
1635
1635
1635
1635
1635
1635
1635
1635
1635
1635
1635
1635
1635
1635
1635
1635
1635
1635
1635
1635
1635
1635
1635
1635
1635
1635
1635
1634
1634
1634
1634
1634
1634
1634
1634
1634
1634
1634
1634
1634
1634
1634
1634
1634
1634
1634
1634
1633
1633
1633
1633
1633
1633
1633
1633
1633
1633
1633
1633
1633
1633
1633
1633
1633
1633
1633
1633
1632
1632
1632
1632
1632
1632
1632
1632
1632
1632
1632
1632
1632
1632
1632
1632
1632
1632
1632
1633
1633
1633
1633
1633
1633
1633
1633
1633
1633
1633
1633
1633
1633
1633
1633
1633
1633
1633
1633
1633
1633
1633
1633
1633
1633
1633
1633
1633
1633
1633
1633
1633
1633
1633
1633
1633
1633
1633
1633
1633
1633
1633
1633
1633
1633
1633
1633
1633
1633
1633
1633
1633
1633
1633
1633
1633
1633
1633
1632
1632
1632
1632
1632
1632
1632
1632
1632
1632
1632
1632
1632
1632
1632
1632
1632
1632
1632
1632
1633
1633
1633
1633
1633
1633
1633
1633
1633
1633
1633
1633
1633
1633
1633
1633
1633
1633
1633
1634
1634
1634
1634
1634
1634
1634
1634
1634
1634
1634
1634
1634
1634
1634
1634
1634
1634
1634
1634
1634
1634
1634
1634
1634
1634
1634
1634
1634
1634
1634
1634
1634
1634
1634
1634
1634
1634
1634
1634
1634
1634
1634
1634
1634
1634
1634
1634
1634
1634
1634
1634
1634
1634
1634
1634
1634
1634
1634
1635
1635
1635
1635
1635
1635
1635
1635
1635
1635
1635
1635
1635
1635
1635
1635
1635
1635
1635
1635
1635
1635
1635
1635
1635
1635
1635
1635
1635
1635
1635
1635
1635
1635
1635
1635
1635
1635
1635
1638
1638
1638
1638
1638
1638
1638
1638
1638
1638
1638
1638
1638
1638
1638
1638
1638
1638
1638
1638
1638
1638
1638
1638
1638
1638
1638
1638
1638
1638
1638
1638
1638
1638
1638
1638
1638
1638
1638
1637
1637
1637
1637
1637
1637
1637
1637
1637
1637
1637
1637
1637
1637
1637
1637
1637
1637
1637
1637
1637
1637
1637
1637
1637
1637
1637
1637
1637
1637
1637
1637
1637
1637
1637
1637
1637
1637
1637
1637
1639
1639
1639
1639
1639
1639
1639
1639
1639
1639
1639
1639
1639
1639
1639
1639
1639
1639
1639
1639
1639
1639
1639
1639
1639
1639
1639
1639
1639
1639
1639
1639
1639
1639
1639
1639
1639
1639
1639
1641
1641
1641
1641
1641
1641
1641
1641
1641
1641
1641
1641
1641
1641
1641
1641
1641
1641
1641
1641
1641
1641
1641
1641
1641
1641
1641
1641
1641
1641
1641
1641
1641
1641
1641
1641
1641
1641
1641
1643
1643
1643
1643
1643
1643
1643
1643
1643
1643
1643
1643
1643
1643
1643
1643
1643
1643
1643
1643
1644
1644
1644
1644
1644
1644
1644
1644
1644
1644
1644
1644
1644
1644
1644
1644
1644
1644
1644
1644
1644
1644
1644
1644
1644
1644
1644
1644
1644
1644
1644
1644
1644
1644
1644
1644
1644
1644
1644
1645
1645
1645
1645
1645
1645
1645
1645
1645
1645
1645
1645
1645
1645
1645
1645
1645
1645
1645
1646
1646
1646
1646
1646
1646
1646
1646
1646
1646
1646
1646
1646
1646
1646
1646
1646
1646
1646
1646
1649
1649
1649
1649
1649
1649
1649
1649
1649
1649
1649
1649
1649
1649
1649
1649
1649
1649
1649
1649
1650
1650
1650
1650
1650
1650
1650
1650
1650
1650
1650
1650
1650
1650
1650
1650
1650
1650
1650
1651
1651
1651
1651
1651
1651
1651
1651
1651
1651
1651
1651
1651
1651
1651
1651
1651
1651
1651
1651
1653
1653
1653
1653
1653
1653
1653
1653
1653
1653
1653
1653
1653
1653
1653
1653
1653
1653
1653
1654
1654
1654
1654
1654
1654
1654
1654
1654
1654
1654
1654
1654
1654
1654
1654
1654
1654
1654
1654
1655
1655
1655
1655
1655
1655
1655
1655
1655
1655
1655
1655
1655
1655
1655
1655
1655
1655
1655
1655
1658
1658
1658
1658
1658
1658
1658
1658
1658
1658
1658
1658
1658
1658
1658
1658
1658
1658
1658
1660
1660
1660
1660
1660
1660
1660
1660
1660
1660
1660
1660
1660
1660
1660
1660
1660
1660
1660
1660
1662
1662
1662
1662
1662
1662
1662
1662
1662
1662
1662
1662
1662
1662
1662
1662
1662
1662
1662
1662
1664
1664
1664
1664
1664
1664
1664
1664
1664
1664
1664
1664
1664
1664
1664
1664
1664
1664
1664
1665
1665
1665
1665
1665
1665
1665
1665
1665
1665
1665
1665
1665
1665
1665
1665
1665
1665
1665
1665
1668
1668
1668
1668
1668
1668
1668
1668
1668
1668
1668
1668
1668
1668
1668
1668
1668
1668
1668
1670
1670
1670
1670
1670
1670
1670
1670
1670
1670
1670
1670
1670
1670
1670
1670
1670
1670
1670
1670
1673
1673
1673
1673
1673
1673
1673
1673
1673
1673
1673
1673
1673
1673
1673
1673
1673
1673
1673
1673
1674
1674
1674
1674
1674
1674
1674
1674
1674
1674
1674
1674
1674
1674
1674
1674
1674
1674
1674
1674
1674
1674
1674
1674
1674
1674
1674
1674
1674
1674
1674
1674
1674
1674
1674
1674
1674
1674
1674
1676
1676
1676
1676
1676
1676
1676
1676
1676
1676
1676
1676
1676
1676
1676
1676
1676
1676
1676
1679
1679
1679
1679
1679
1679
1679
1679
1679
1679
1679
1679
1679
1679
1679
1679
1679
1679
1679
1679
1680
1680
1680
1680
1680
1680
1680
1680
1680
1680
1680
1680
1680
1680
1680
1680
1680
1680
1680
1680
1683
1683
1683
1683
1683
1683
1683
1683
1683
1683
1683
1683
1683
1683
1683
1683
1683
1683
1683
1685
1685
1685
1685
1685
1685
1685
1685
1685
1685
1685
1685
1685
1685
1685
1685
1685
1685
1685
1685
1689
1689
1689
1689
1689
1689
1689
1689
1689
1689
1689
1689
1689
1689
1689
1689
1689
1689
1689
1692
1692
1692
1692
1692
1692
1692
1692
1692
1692
1692
1692
1692
1692
1692
1692
1692
1692
1692
1692
1694
1694
1694
1694
1694
1694
1694
1694
1694
1694
1694
1694
1694
1694
1694
1694
1694
1694
1694
1694
1694
1694
1694
1694
1694
1694
1694
1694
1694
1694
1694
1694
1694
1694
1694
1694
1694
1694
1694
1697
1697
1697
1697
1697
1697
1697
1697
1697
1697
1697
1697
1697
1697
1697
1697
1697
1697
1697
1697
1700
1700
1700
1700
1700
1700
1700
1700
1700
1700
1700
1700
1700
1700
1700
1700
1700
1700
1700
1700
1703
1703
1703
1703
1703
1703
1703
1703
1703
1703
1703
1703
1703
1703
1703
1703
1703
1703
1703
1704
1704
1704
1704
1704
1704
1704
1704
1704
1704
1704
1704
1704
1704
1704
1704
1704
1704
1704
1704
1706
1706
1706
1706
1706
1706
1706
1706
1706
1706
1706
1706
1706
1706
1706
1706
1706
1706
1706
1709
1709
1709
1709
1709
1709
1709
1709
1709
1709
1709
1709
1709
1709
1709
1709
1709
1709
1709
1709
1712
1712
1712
1712
1712
1712
1712
1712
1712
1712
1712
1712
1712
1712
1712
1712
1712
1712
1712
1712
1714
1714
1714
1714
1714
1714
1714
1714
1714
1714
1714
1714
1714
1714
1714
1714
1714
1714
1714
1715
1715
1715
1715
1715
1715
1715
1715
1715
1715
1715
1715
1715
1715
1715
1715
1715
1715
1715
1715
1716
1716
1716
1716
1716
1716
1716
1716
1716
1716
1716
1716
1716
1716
1716
1716
1716
1716
1716
1719
1719
1719
1719
1719
1719
1719
1719
1719
1719
1719
1719
1719
1719
1719
1719
1719
1719
1719
1719
1720
1720
1720
1720
1720
1720
1720
1720
1720
1720
1720
1720
1720
1720
1720
1720
1720
1720
1720
1720
1723
1723
1723
1723
1723
1723
1723
1723
1723
1723
1723
1723
1723
1723
1723
1723
1723
1723
1723
1723
1723
1723
1723
1723
1723
1723
1723
1723
1723
1723
1723
1723
1723
1723
1723
1723
1723
1723
1723
1725
1725
1725
1725
1725
1725
1725
1725
1725
1725
1725
1725
1725
1725
1725
1725
1725
1725
1725
1725
1728
1728
1728
1728
1728
1728
1728
1728
1728
1728
1728
1728
1728
1728
1728
1728
1728
1728
1728
1729
1729
1729
1729
1729
1729
1729
1729
1729
1729
1729
1729
1729
1729
1729
1729
1729
1729
1729
1729
1730
1730
1730
1730
1730
1730
1730
1730
1730
1730
1730
1730
1730
1730
1730
1730
1730
1730
1730
1730
1730
1730
1730
1730
1730
1730
1730
1730
1730
1730
1730
1730
1730
1730
1730
1730
1730
1730
1730
1733
1733
1733
1733
1733
1733
1733
1733
1733
1733
1733
1733
1733
1733
1733
1733
1733
1733
1733
1733
1735
1735
1735
1735
1735
1735
1735
1735
1735
1735
1735
1735
1735
1735
1735
1735
1735
1735
1735
1737
1737
1737
1737
1737
1737
1737
1737
1737
1737
1737
1737
1737
1737
1737
1737
1737
1737
1737
1737
1739
1739
1739
1739
1739
1739
1739
1739
1739
1739
1739
1739
1739
1739
1739
1739
1739
1739
1739
1738
1738
1738
1738
1738
1738
1738
1738
1738
1738
1738
1738
1738
1738
1738
1738
1738
1738
1738
1738
1738
1738
1738
1738
1738
1738
1738
1738
1738
1738
1738
1738
1738
1738
1738
1738
1738
1738
1738
1738
1739
1739
1739
1739
1739
1739
1739
1739
1739
1739
1739
1739
1739
1739
1739
1739
1739
1739
1739
1741
1741
1741
1741
1741
1741
1741
1741
1741
1741
1741
1741
1741
1741
1741
1741
1741
1741
1741
1741
1740
1740
1740
1740
1740
1740
1740
1740
1740
1740
1740
1740
1740
1740
1740
1740
1740
1740
1740
1740
1740
1740
1740
1740
1740
1740
1740
1740
1740
1740
1740
1740
1740
1740
1740
1740
1740
1740
1740
1741
1741
1741
1741
1741
1741
1741
1741
1741
1741
1741
1741
1741
1741
1741
1741
1741
1741
1741
1741
1743
1743
1743
1743
1743
1743
1743
1743
1743
1743
1743
1743
1743
1743
1743
1743
1743
1743
1743
1744
1744
1744
1744
1744
1744
1744
1744
1744
1744
1744
1744
1744
1744
1744
1744
1744
1744
1744
1744
1744
1744
1744
1744
1744
1744
1744
1744
1744
1744
1744
1744
1744
1744
1744
1744
1744
1744
1744
1744
1744
1744
1744
1744
1744
1744
1744
1744
1744
1744
1744
1744
1744
1744
1744
1744
1744
1744
1744
1745
1745
1745
1745
1745
1745
1745
1745
1745
1745
1745
1745
1745
1745
1745
1745
1745
1745
1745
1745
1745
1745
1745
1745
1745
1745
1745
1745
1745
1745
1745
1745
1745
1745
1745
1745
1745
1745
1745
1746
1746
1746
1746
1746
1746
1746
1746
1746
1746
1746
1746
1746
1746
1746
1746
1746
1746
1746
1746
1745
1745
1745
1745
1745
1745
1745
1745
1745
1745
1745
1745
1745
1745
1745
1745
1745
1745
1745
1745
1745
1745
1745
1745
1745
1745
1745
1745
1745
1745
1745
1745
1745
1745
1745
1745
1745
1745
1745
1746
1746
1746
1746
1746
1746
1746
1746
1746
1746
1746
1746
1746
1746
1746
1746
1746
1746
1746
1746
1748
1748
1748
1748
1748
1748
1748
1748
1748
1748
1748
1748
1748
1748
1748
1748
1748
1748
1748
1748
1748
1748
1748
1748
1748
1748
1748
1748
1748
1748
1748
1748
1748
1748
1748
1748
1748
1748
1748
1748
1748
1748
1748
1748
1748
1748
1748
1748
1748
1748
1748
1748
1748
1748
1748
1748
1748
1748
1748
1747
1747
1747
1747
1747
1747
1747
1747
1747
1747
1747
1747
1747
1747
1747
1747
1747
1747
1747
1748
1748
1748
1748
1748
1748
1748
1748
1748
1748
1748
1748
1748
1748
1748
1748
1748
1748
1748
1748
1748
1748
1748
1748
1748
1748
1748
1748
1748
1748
1748
1748
1748
1748
1748
1748
1748
1748
1748
1748
1748
1748
1748
1748
1748
1748
1748
1748
1748
1748
1748
1748
1748
1748
1748
1748
1748
1748
1748
1746
1746
1746
1746
1746
1746
1746
1746
1746
1746
1746
1746
1746
1746
1746
1746
1746
1746
1746
1746
1746
1746
1746
1746
1746
1746
1746
1746
1746
1746
1746
1746
1746
1746
1746
1746
1746
1746
1746
1747
1747
1747
1747
1747
1747
1747
1747
1747
1747
1747
1747
1747
1747
1747
1747
1747
1747
1747
1747
1746
1746
1746
1746
1746
1746
1746
1746
1746
1746
1746
1746
1746
1746
1746
1746
1746
1746
1746
1746
1744
1744
1744
1744
1744
1744
1744
1744
1744
1744
1744
1744
1744
1744
1744
1744
1744
1744
1744
1744
1744
1744
1744
1744
1744
1744
1744
1744
1744
1744
1744
1744
1744
1744
1744
1744
1744
1744
1744
1743
1743
1743
1743
1743
1743
1743
1743
1743
1743
1743
1743
1743
1743
1743
1743
1743
1743
1743
1743
1743
1743
1743
1743
1743
1743
1743
1743
1743
1743
1743
1743
1743
1743
1743
1743
1743
1743
1743
1743
1743
1743
1743
1743
1743
1743
1743
1743
1743
1743
1743
1743
1743
1743
1743
1743
1743
1743
1743
1740
1740
1740
1740
1740
1740
1740
1740
1740
1740
1740
1740
1740
1740
1740
1740
1740
1740
1740
1740
1740
1740
1740
1740
1740
1740
1740
1740
1740
1740
1740
1740
1740
1740
1740
1740
1740
1740
1740
1739
1739
1739
1739
1739
1739
1739
1739
1739
1739
1739
1739
1739
1739
1739
1739
1739
1739
1739
1739
1739
1739
1739
1739
1739
1739
1739
1739
1739
1739
1739
1739
1739
1739
1739
1739
1739
1739
1739
1737
1737
1737
1737
1737
1737
1737
1737
1737
1737
1737
1737
1737
1737
1737
1737
1737
1737
1737
1737
1735
1735
1735
1735
1735
1735
1735
1735
1735
1735
1735
1735
1735
1735
1735
1735
1735
1735
1735
1733
1733
1733
1733
1733
1733
1733
1733
1733
1733
1733
1733
1733
1733
1733
1733
1733
1733
1733
1733
1733
1733
1733
1733
1733
1733
1733
1733
1733
1733
1733
1733
1733
1733
1733
1733
1733
1733
1733
1733
1733
1733
1733
1733
1733
1733
1733
1733
1733
1733
1733
1733
1733
1733
1733
1733
1733
1733
1733
1731
1731
1731
1731
1731
1731
1731
1731
1731
1731
1731
1731
1731
1731
1731
1731
1731
1731
1731
1731
1729
1729
1729
1729
1729
1729
1729
1729
1729
1729
1729
1729
1729
1729
1729
1729
1729
1729
1729
1729
1728
1728
1728
1728
1728
1728
1728
1728
1728
1728
1728
1728
1728
1728
1728
1728
1728
1728
1728
1726
1726
1726
1726
1726
1726
1726
1726
1726
1726
1726
1726
1726
1726
1726
1726
1726
1726
1726
1726
1724
1724
1724
1724
1724
1724
1724
1724
1724
1724
1724
1724
1724
1724
1724
1724
1724
1724
1724
1724
1724
1724
1724
1724
1724
1724
1724
1724
1724
1724
1724
1724
1724
1724
1724
1724
1724
1724
1724
1724
1724
1724
1724
1724
1724
1724
1724
1724
1724
1724
1724
1724
1724
1724
1724
1724
1724
1724
1724
1722
1722
1722
1722
1722
1722
1722
1722
1722
1722
1722
1722
1722
1722
1722
1722
1722
1722
1722
1720
1720
1720
1720
1720
1720
1720
1720
1720
1720
1720
1720
1720
1720
1720
1720
1720
1720
1720
1720
1718
1718
1718
1718
1718
1718
1718
1718
1718
1718
1718
1718
1718
1718
1718
1718
1718
1718
1718
1718
1718
1718
1718
1718
1718
1718
1718
1718
1718
1718
1718
1718
1718
1718
1718
1718
1718
1718
1718
1717
1717
1717
1717
1717
1717
1717
1717
1717
1717
1717
1717
1717
1717
1717
1717
1717
1717
1717
1717
1715
1715
1715
1715
1715
1715
1715
1715
1715
1715
1715
1715
1715
1715
1715
1715
1715
1715
1715
1714
1714
1714
1714
1714
1714
1714
1714
1714
1714
1714
1714
1714
1714
1714
1714
1714
1714
1714
1714
1714
1714
1714
1714
1714
1714
1714
1714
1714
1714
1714
1714
1714
1714
1714
1714
1714
1714
1714
1712
1712
1712
1712
1712
1712
1712
1712
1712
1712
1712
1712
1712
1712
1712
1712
1712
1712
1712
1712
1710
1710
1710
1710
1710
1710
1710
1710
1710
1710
1710
1710
1710
1710
1710
1710
1710
1710
1710
1710
1709
1709
1709
1709
1709
1709
1709
1709
1709
1709
1709
1709
1709
1709
1709
1709
1709
1709
1709
1708
1708
1708
1708
1708
1708
1708
1708
1708
1708
1708
1708
1708
1708
1708
1708
1708
1708
1708
1708
1707
1707
1707
1707
1707
1707
1707
1707
1707
1707
1707
1707
1707
1707
1707
1707
1707
1707
1707
1707
1706
1706
1706
1706
1706
1706
1706
1706
1706
1706
1706
1706
1706
1706
1706
1706
1706
1706
1706
1704
1704
1704
1704
1704
1704
1704
1704
1704
1704
1704
1704
1704
1704
1704
1704
1704
1704
1704
1704
1703
1703
1703
1703
1703
1703
1703
1703
1703
1703
1703
1703
1703
1703
1703
1703
1703
1703
1703
1700
1700
1700
1700
1700
1700
1700
1700
1700
1700
1700
1700
1700
1700
1700
1700
1700
1700
1700
1700
1699
1699
1699
1699
1699
1699
1699
1699
1699
1699
1699
1699
1699
1699
1699
1699
1699
1699
1699
1699
1698
1698
1698
1698
1698
1698
1698
1698
1698
1698
1698
1698
1698
1698
1698
1698
1698
1698
1698
1696
1696
1696
1696
1696
1696
1696
1696
1696
1696
1696
1696
1696
1696
1696
1696
1696
1696
1696
1696
1694
1694
1694
1694
1694
1694
1694
1694
1694
1694
1694
1694
1694
1694
1694
1694
1694
1694
1694
1693
1693
1693
1693
1693
1693
1693
1693
1693
1693
1693
1693
1693
1693
1693
1693
1693
1693
1693
1693
1691
1691
1691
1691
1691
1691
1691
1691
1691
1691
1691
1691
1691
1691
1691
1691
1691
1691
1691
1691
1690
1690
1690
1690
1690
1690
1690
1690
1690
1690
1690
1690
1690
1690
1690
1690
1690
1690
1690
1689
1689
1689
1689
1689
1689
1689
1689
1689
1689
1689
1689
1689
1689
1689
1689
1689
1689
1689
1689
1688
1688
1688
1688
1688
1688
1688
1688
1688
1688
1688
1688
1688
1688
1688
1688
1688
1688
1688
1688
1687
1687
1687
1687
1687
1687
1687
1687
1687
1687
1687
1687
1687
1687
1687
1687
1687
1687
1687
1684
1684
1684
1684
1684
1684
1684
1684
1684
1684
1684
1684
1684
1684
1684
1684
1684
1684
1684
1684
1682
1682
1682
1682
1682
1682
1682
1682
1682
1682
1682
1682
1682
1682
1682
1682
1682
1682
1682
1680
1680
1680
1680
1680
1680
1680
1680
1680
1680
1680
1680
1680
1680
1680
1680
1680
1680
1680
1680
1679
1679
1679
1679
1679
1679
1679
1679
1679
1679
1679
1679
1679
1679
1679
1679
1679
1679
1679
1679
1678
1678
1678
1678
1678
1678
1678
1678
1678
1678
1678
1678
1678
1678
1678
1678
1678
1678
1678
1676
1676
1676
1676
1676
1676
1676
1676
1676
1676
1676
1676
1676
1676
1676
1676
1676
1676
1676
1676
1674
1674
1674
1674
1674
1674
1674
1674
1674
1674
1674
1674
1674
1674
1674
1674
1674
1674
1674
1672
1672
1672
1672
1672
1672
1672
1672
1672
1672
1672
1672
1672
1672
1672
1672
1672
1672
1672
1672
1671
1671
1671
1671
1671
1671
1671
1671
1671
1671
1671
1671
1671
1671
1671
1671
1671
1671
1671
1671
1670
1670
1670
1670
1670
1670
1670
1670
1670
1670
1670
1670
1670
1670
1670
1670
1670
1670
1670
1669
1669
1669
1669
1669
1669
1669
1669
1669
1669
1669
1669
1669
1669
1669
1669
1669
1669
1669
1669
1668
1668
1668
1668
1668
1668
1668
1668
1668
1668
1668
1668
1668
1668
1668
1668
1668
1668
1668
1666
1666
1666
1666
1666
1666
1666
1666
1666
1666
1666
1666
1666
1666
1666
1666
1666
1666
1666
1666
1665
1665
1665
1665
1665
1665
1665
1665
1665
1665
1665
1665
1665
1665
1665
1665
1665
1665
1665
1665
1664
1664
1664
1664
1664
1664
1664
1664
1664
1664
1664
1664
1664
1664
1664
1664
1664
1664
1664
1664
1664
1664
1664
1664
1664
1664
1664
1664
1664
1664
1664
1664
1664
1664
1664
1664
1664
1664
1664
1662
1662
1662
1662
1662
1662
1662
1662
1662
1662
1662
1662
1662
1662
1662
1662
1662
1662
1662
1660
1660
1660
1660
1660
1660
1660
1660
1660
1660
1660
1660
1660
1660
1660
1660
1660
1660
1660
1660
1660
1660
1660
1660
1660
1660
1660
1660
1660
1660
1660
1660
1660
1660
1660
1660
1660
1660
1660
1660
1659
1659
1659
1659
1659
1659
1659
1659
1659
1659
1659
1659
1659
1659
1659
1659
1659
1659
1659
1655
1655
1655
1655
1655
1655
1655
1655
1655
1655
1655
1655
1655
1655
1655
1655
1655
1655
1655
1655
1654
1654
1654
1654
1654
1654
1654
1654
1654
1654
1654
1654
1654
1654
1654
1654
1654
1654
1654
1651
1651
1651
1651
1651
1651
1651
1651
1651
1651
1651
1651
1651
1651
1651
1651
1651
1651
1651
1651
1650
1650
1650
1650
1650
1650
1650
1650
1650
1650
1650
1650
1650
1650
1650
1650
1650
1650
1650
1650
1650
1650
1650
1650
1650
1650
1650
1650
1650
1650
1650
1650
1650
1650
1650
1650
1650
1650
1650
1648
1648
1648
1648
1648
1648
1648
1648
1648
1648
1648
1648
1648
1648
1648
1648
1648
1648
1648
1648
1647
1647
1647
1647
1647
1647
1647
1647
1647
1647
1647
1647
1647
1647
1647
1647
1647
1647
1647
1647
1645
1645
1645
1645
1645
1645
1645
1645
1645
1645
1645
1645
1645
1645
1645
1645
1645
1645
1645
1644
1644
1644
1644
1644
1644
1644
1644
1644
1644
1644
1644
1644
1644
1644
1644
1644
1644
1644
1644
1642
1642
1642
1642
1642
1642
1642
1642
1642
1642
1642
1642
1642
1642
1642
1642
1642
1642
1642
1641
1641
1641
1641
1641
1641
1641
1641
1641
1641
1641
1641
1641
1641
1641
1641
1641
1641
1641
1641
1640
1640
1640
1640
1640
1640
1640
1640
1640
1640
1640
1640
1640
1640
1640
1640
1640
1640
1640
1640
1639
1639
1639
1639
1639
1639
1639
1639
1639
1639
1639
1639
1639
1639
1639
1639
1639
1639
1639
1639
1639
1639
1639
1639
1639
1639
1639
1639
1639
1639
1639
1639
1639
1639
1639
1639
1639
1639
1639
1638
1638
1638
1638
1638
1638
1638
1638
1638
1638
1638
1638
1638
1638
1638
1638
1638
1638
1638
1638
1638
1638
1638
1638
1638
1638
1638
1638
1638
1638
1638
1638
1638
1638
1638
1638
1638
1638
1638
1636
1636
1636
1636
1636
1636
1636
1636
1636
1636
1636
1636
1636
1636
1636
1636
1636
1636
1636
1636
1635
1635
1635
1635
1635
1635
1635
1635
1635
1635
1635
1635
1635
1635
1635
1635
1635
1635
1635
1635
1635
1635
1635
1635
1635
1635
1635
1635
1635
1635
1635
1635
1635
1635
1635
1635
1635
1635
1635
1635
1635
1635
1635
1635
1635
1635
1635
1635
1635
1635
1635
1635
1635
1635
1635
1635
1635
1635
1635
1634
1634
1634
1634
1634
1634
1634
1634
1634
1634
1634
1634
1634
1634
1634
1634
1634
1634
1634
1634
1634
1634
1634
1634
1634
1634
1634
1634
1634
1634
1634
1634
1634
1634
1634
1634
1634
1634
1634
1633
1633
1633
1633
1633
1633
1633
1633
1633
1633
1633
1633
1633
1633
1633
1633
1633
1633
1633
1633
1633
1633
1633
1633
1633
1633
1633
1633
1633
1633
1633
1633
1633
1633
1633
1633
1633
1633
1633
1634
1634
1634
1634
1634
1634
1634
1634
1634
1634
1634
1634
1634
1634
1634
1634
1634
1634
1634
1634
1634
1634
1634
1634
1634
1634
1634
1634
1634
1634
1634
1634
1634
1634
1634
1634
1634
1634
1634
1632
1632
1632
1632
1632
1632
1632
1632
1632
1632
1632
1632
1632
1632
1632
1632
1632
1632
1632
1632
1632
1632
1632
1632
1632
1632
1632
1632
1632
1632
1632
1632
1632
1632
1632
1632
1632
1632
1632
1633
1633
1633
1633
1633
1633
1633
1633
1633
1633
1633
1633
1633
1633
1633
1633
1633
1633
1633
1633
1633
1633
1633
1633
1633
1633
1633
1633
1633
1633
1633
1633
1633
1633
1633
1633
1633
1633
1633
1633
1633
1633
1633
1633
1633
1633
1633
1633
1633
1633
1633
1633
1633
1633
1633
1633
1633
1633
1633
1632
1632
1632
1632
1632
1632
1632
1632
1632
1632
1632
1632
1632
1632
1632
1632
1632
1632
1632
1632
1624
1624
1624
1624
1624
1624
1624
1624
1624
1624
1624
1624
1624
1624
1624
1624
1624
1624
1624
1609
1609
1609
1609
1609
1609
1609
1609
1609
1609
1609
1609
1609
1609
1609
1609
1609
1609
1609
1609
1607
1607
1607
1607
1607
1607
1607
