Terminal log file
Date: 12.04.2013 - 23:32:40
-----------------------------------------------
102     860     0
103     860     0
104     860     0
105     860     0
106     860     0
107     860     0
108     860     0
109     860     0
110     860     0
111     860     0
112     860     0
113     860     0
114     860     0
115     860     0
116     860     0
117     860     0
118     860     0
119     860     0
120     860     0
121     860     0
122     860     0
123     860     0
124     860     0
125     860     0
126     860     0
127     860     0
128     860     0
129     860     0
130     860     0
131     860     0
132     860     0
133     860     0
134     860     0
135     860     0
136     860     0
137     860     0
138     860     0
139     860     0
140     860     0
141     860     0
142     860     0
143     860     0
144     860     0
145     860     0
146     860     0
147     860     0
148     860     0
149     860     0
150     860     0
151     860     0
152     860     0
153     860     0
154     860     0
155     860     0
156     860     0
157     860     0
158     860     0
159     860     0
160     860     0
161     860     0
162     860     0
163     860     0
164     860     0
165     860     0
166     860     0
167     860     0
168     860     0
169     860     0
170     860     0
171     860     0
172     860     0
173     860     0
174     860     0
175     860     1
176     860     1
177     860     1
178     860     1
179     860     1
180     860     1
181     860     1
182     860     1
183     860     1
184     860     1
185     860     1
186     860     1
187     860     1
188     860     1
189     860     1
190     860     1
191     860     1
192     860     1
193     860     1
194     860     1
195     860     1
196     860     1
197     860     1
198     860     1
199     860     1
200     860     1
201     860     1
202     860     1
203     859     1
204     860     1
205     859     1
206     859     1
207     859     1
208     859     1
209     859     1
210     859     1
211     859     1
212     859     1
213     859     1
214     859     1
215     859     1
216     858     1
217     858     1
218     858     1
219     858     1
220     858     1
221     858     1
222     857     1
223     857     1
224     857     1
225     857     1
226     856     1
227     856     1
228     856     1
229     856     1
230     856     1
231     856     1
232     855     1
233     855     1
234     855     1
235     855     1
236     854     1
237     854     1
238     854     1
239     853     1
240     853     1
241     853     1
242     852     1
243     852     1
244     851     1
245     851     1
246     851     1
247     850     1
248     850     1
249     850     1
250     849     1
251     849     1
252     848     1
253     848     1
254     848     1
255     847     1
256     847     1
257     846     1
258     846     1
259     846     1
260     845     1
261     845     1
262     844     1
263     844     1
264     843     1
265     843     1
266     843     1
267     842     1
268     841     1
269     841     1
270     840     1
271     840     1
272     839     1
273     839     1
274     838     1
275     838     1
276     837     1
277     837     1
278     836     1
279     836     1
280     835     1
281     835     1
282     834     1
283     833     1
284     833     1
285     832     1
286     832     1
287     831     1
288     831     1
289     830     1
290     829     1
291     829     1
292     828     1
293     828     1
294     827     1
295     827     1
296     826     1
297     826     1
298     825     1
299     825     1
300     824     1
301     823     1
302     823     1
303     822     1
304     822     1
305     821     1
306     820     1
307     820     1
308     819     1
309     818     1
310     818     1
311     817     1
312     817     1
313     816     1
314     815     1
315     815     1
316     814     1
317     814     1
318     813     1
319     812     1
320     812     1
321     811     1
322     810     1
323     810     1
324     809     1
325     809     1
326     808     1
327     807     1
328     807     1
329     806     1
330     805     1
331     805     1
332     804     1
333     804     1
334     803     1
335     803     1
336     802     1
337     801     1
338     801     1
339     800     1
340     799     1
341     799     1
342     798     1
343     798     1
344     797     1
345     797     1
346     796     1
347     796     1
348     795     1
349     794     1
350     794     1
351     793     1
352     793     1
353     792     1
354     791     1
355     791     1
356     790     1
357     790     1
358     789     1
359     788     1
360     788     1
361     787     1
362     786     1
363     786     1
364     785     1
365     785     1
366     784     1
367     783     1
368     783     1
369     782     1
370     781     1
371     781     1
372     780     1
373     780     1
374     779     1
375     779     1
376     778     1
377     777     1
378     777     1
379     776     1
380     775     1
381     775     1
382     775     1
383     774     1
384     773     1
385     773     1
386     772     1
387     772     1
388     771     1
389     770     1
390     770     1
391     769     1
392     769     1
393     769     1
394     768     1
395     768     1
396     768     1
397     768     1
398     768     1
399     768     1
400     768     1
401     768     1
402     768     1
403     768     1
404     768     1
405     768     1
406     768     1
407     769     1
408     769     1
409     769     1
410     768     1
411     767     1
412     766     1
413     765     1
414     765     1
415     763     1
416     763     1
417     762     1
418     761     1
419     760     1
420     759     1
421     759     1
422     758     1
423     757     1
424     756     1
425     756     1
426     755     1
427     754     1
428     753     1
429     753     1
430     752     1
431     751     1
432     751     1
433     750     1
434     750     1
435     749     1
436     748     1
437     748     1
438     747     1
439     747     1
440     746     1
441     745     1
442     745     1
443     744     1
444     744     1
445     743     1
446     743     1
447     742     1
448     741     1
449     740     1
450     740     1
451     740     1
452     739     1
453     738     1
454     738     1
455     737     1
456     737     1
457     736     1
458     736     1
459     735     1
460     735     1
461     734     1
462     734     1
463     733     1
464     733     1
465     732     1
466     731     1
467     730     1
468     730     1
469     729     1
470     729     1
471     729     1
472     728     1
473     727     1
474     727     1
475     726     1
476     726     1
477     725     1
478     725     1
479     724     1
480     724     1
481     723     1
482     723     1
483     722     1
484     721     1
485     720     1
486     720     1
487     720     1
488     719     1
489     719     1
490     718     1
491     718     1
492     717     1
493     716     1
494     716     1
495     715     1
496     715     1
497     714     1
498     714     1
499     714     1
500     713     1
501     713     1
502     712     1
503     712     1
504     711     1
505     711     1
506     710     1
507     710     1
508     710     1
509     709     1
510     709     1
511     709     1
512     708     1
513     707     1
514     706     1
515     706     1
516     705     1
517     705     1
518     705     1
519     705     1
520     704     1
521     703     1
522     703     1
523     703     1
524     702     1
525     701     1
526     700     1
527     700     1
528     700     1
529     699     1
530     699     1
531     698     1
532     698     1
533     697     1
534     697     1
535     696     1
536     695     1
537     695     1
538     695     1
539     695     1
540     694     1
541     693     1
542     693     1
543     692     1
544     692     1
545     691     1
546     691     1
547     690     1
548     690     1
549     690     1
550     689     1
551     689     1
552     689     1
553     688     1
554     687     1
555     687     1
556     687     1
557     687     1
558     686     1
559     686     1
560     685     1
561     685     1
562     684     1
563     684     1
564     683     1
565     682     1
566     682     1
567     682     1
568     681     1
569     681     1
570     681     1
571     680     1
572     679     1
573     679     1
574     678     1
575     678     1
576     678     1
577     678     1
578     677     1
579     677     1
580     676     1
581     676     1
582     675     1
583     674     1
584     674     1
585     673     1
586     673     1
587     673     1
588     673     1
589     673     1
590     673     1
591     672     1
592     672     1
593     671     1
594     670     1
595     670     1
596     670     1
597     670     1
598     669     1
599     669     1
600     668     1
601     668     1
602     667     1
603     667     1
604     666     1
605     666     1
606     666     1
607     666     1
608     665     1
609     665     1
610     664     1
611     664     1
612     663     1
613     663     1
614     663     1
615     662     1
616     662     1
617     661     1
618     661     1
619     661     1
620     660     1
621     659     1
622     659     1
623     659     1
624     658     1
625     658     1
626     658     1
627     658     1
628     657     1
629     656     1
630     656     1
631     655     1
632     655     1
633     655     1
634     654     1
635     654     1
636     654     1
637     653     1
638     653     1
639     652     1
640     652     1
641     651     1
642     651     1
643     650     1
644     649     1
645     650     1
646     649     1
647     649     1
648     649     1
649     648     1
650     648     1
651     647     1
652     647     1
653     647     1
654     646     1
655     646     1
656     646     1
657     645     1
658     645     1
659     644     1
660     644     1
661     644     1
662     643     1
663     643     1
664     643     1
665     642     1
666     642     1
667     642     1
668     641     1
669     641     1
670     640     1
671     640     1
672     639     1
673     639     1
674     639     1
675     639     1
676     638     1
677     638     1
678     637     1
679     637     1
680     636     1
681     636     1
682     636     1
683     635     1
684     635     1
685     635     1
686     634     1
687     634     1
688     633     1
689     633     1
690     633     1
691     632     1
692     632     1
693     632     1
694     632     1
695     631     1
696     631     1
697     630     1
698     630     1
699     629     1
700     629     1
701     629     1
702     628     1
703     628     1
704     627     1
705     628     1
706     627     1
707     626     1
708     626     1
709     625     1
710     625     1
711     624     1
712     624     1
713     624     1
714     623     1
715     623     1
716     622     1
717     622     1
718     621     1
719     621     1
720     620     1
721     620     1
722     620     1
723     620     1
724     619     1
725     618     1
726     618     1
727     618     1
728     617     1
729     617     1
730     616     1
731     616     1
732     615     1
733     616     1
734     615     1
735     615     1
736     615     1
737     614     1
738     614     1
739     613     1
740     613     1
741     613     1
742     613     1
743     612     1
744     612     1
745     612     1
746     611     1
747     611     1
748     610     1
749     610     1
750     610     1
751     609     1
752     609     1
753     610     1
754     609     1
755     609     1
756     608     1
757     608     1
758     607     1
759     607     1
760     606     0
761     605     0
762     605     0
763     605     0
764     605     0
765     605     0
766     604     0
767     604     0
768     603     0
769     603     0
770     603     0
771     602     0
772     602     0
773     602     0
774     602     0
775     602     0
776     601     0
777     601     0
778     601     0
779     601     0
780     600     0
781     600     0
782     599     0
783     599     0
784     599     0
785     598     0
786     598     0
787     597     0
788     597     0
789     597     0
790     597     0
791     597     0
792     597     0
793     597     0
794     596     0
795     596     0
796     596     0
797     595     0
798     595     0
799     595     0
800     595     0
801     594     0
802     595     0
803     594     0
804     594     0
805     594     0
806     594     0
807     594     0
808     594     0
809     594     0
810     593     0
811     593     0
812     593     0
813     593     0
814     593     0
815     592     0
816     592     0
817     592     0
818     592     0
819     592     0
820     592     0
821     592     0
822     592     0
823     592     0
824     592     0
825     592     0
826     592     0
827     592     0
828     591     0
829     591     0
830     592     0
831     591     0
832     591     0
833     592     0
834     592     0
835     592     0
836     592     0
837     592     0
838     591     0
839     591     0
840     592     0
841     592     0
842     592     0
843     592     0
844     592     0
845     592     0
846     593     0
847     592     0
848     593     0
849     593     0
850     593     0
851     594     0
852     594     0
853     594     0
854     594     0
855     594     0
856     595     0
857     594     0
858     594     0
859     594     0
860     595     0
861     595     0
862     595     0
863     595     0
864     595     0
865     595     0
866     594     0
867     595     0
868     595     0
869     595     0
870     596     0
871     595     0
872     596     0
873     596     0
874     597     0
875     597     0
876     597     0
877     597     0
878     597     0
879     597     0
880     598     0
881     598     0
882     598     0
883     598     0
884     598     0
885     598     0
886     598     0
887     598     0
888     598     0
889     599     0
890     599     0
891     599     0
892     599     0
893     599     0
894     599     0
895     599     0
896     600     0
897     600     0
898     600     0
899     600     0
900     601     0
901     601     0
902     601     0
903     601     0
904     601     0
905     601     0
906     602     0
907     601     0
908     602     0
909     602     0
910     602     0
911     602     0
912     603     0
913     603     0
914     603     0
915     603     0
916     603     0
917     603     0
918     603     0
919     603     0
920     604     0
921     604     0
922     604     0
923     604     0
924     604     0
925     605     0
926     605     0
927     605     0
928     605     0
929     606     0
930     606     0
931     606     0
932     606     0
933     607     0
934     607     0
935     607     0
936     607     0
937     607     0
938     607     0
939     607     0
940     608     0
941     608     0
942     608     0
943     609     0
944     609     0
945     609     0
946     610     0
947     610     0
948     610     0
949     611     0
950     611     0
951     611     0
952     611     0
953     612     0
954     611     0
955     612     0
956     612     0
957     612     0
958     612     0
959     613     0
960     614     0
961     614     0
962     614     0
963     614     0
964     614     0
965     614     0
966     614     0
967     614     0
968     615     0
969     615     0
970     615     0
971     615     0
972     615     0
973     615     0
974     615     0
975     616     0
976     616     0
977     617     0
978     617     0
979     617     0
980     617     0
981     617     0
982     617     0
983     618     0
984     618     0
985     618     0
986     619     0
987     619     0
988     620     0
989     620     0
990     620     0
991     620     0
992     620     0
993     620     0
994     620     0
995     620     0
996     621     0
997     621     0
998     621     0
999     622     0
1000     622     0
1001     623     0
1002     623     0
1003     623     0
1004     623     0
1005     623     0
1006     624     0
1007     624     0
1008     624     0
1009     624     0
1010     624     0
1011     624     0
1012     624     0
1013     624     0
1014     625     0
1015     625     0
1016     625     0
1017     625     0
1018     626     0
1019     626     0
1020     626     0
1021     627     0
1022     627     0
1023     627     0
1024     627     0
1025     627     0
1026     628     0
1027     628     0
1028     628     0
1029     628     0
1030     628     0
1031     629     0
1032     629     0
1033     629     0
1034     629     0
1035     629     0
1036     630     0
1037     630     0
1038     631     0
1039     631     0
1040     631     0
1041     631     0
1042     631     0
1043     631     0
1044     631     0
1045     632     0
1046     632     0
1047     632     0
1048     632     0
1049     633     0
1050     633     0
1051     633     0
1052     633     0
1053     633     0
1054     634     0
1055     634     0
1056     635     0
1057     635     0
1058     635     0
1059     635     0
1060     635     0
1061     635     0
1062     635     0
1063     636     0
1064     636     0
1065     636     0
1066     636     0
1067     637     0
1068     637     0
1069     638     0
1070     637     0
1071     638     0
1072     638     0
1073     638     0
1074     638     0
1075     639     0
1076     639     0
1077     639     0
1078     639     0
1079     640     0
1080     640     0
1081     640     0
1082     640     0
1083     640     0
1084     641     0
1085     641     0
1086     641     0
1087     642     0
1088     642     0
1089     642     0
1090     642     0
1091     642     0
1092     642     0
1093     642     0
1094     643     0
1095     643     0
1096     643     0
1097     643     0
1098     644     0
1099     644     0
1100     644     0
1101     644     0
1102     644     0
1103     645     0
1104     645     0
1105     645     0
1106     646     0
1107     646     0
1108     646     0
1109     646     0
1110     646     0
1111     646     0
1112     647     0
1113     647     0
1114     647     0
1115     647     0
1116     647     0
1117     648     0
1118     648     0
1119     648     0
1120     648     0
1121     648     0
1122     648     0
1123     649     0
1124     649     0
1125     649     0
1126     650     0
1127     650     0
1128     650     0
1129     650     0
1130     651     0
1131     651     0
1132     651     0
1133     651     0
1134     651     0
1135     651     0
1136     652     0
1137     652     0
1138     652     0
1139     652     0
1140     652     0
1141     653     0
1142     653     0
1143     653     0
1144     653     0
1145     653     0
1146     653     0
1147     654     0
1148     655     0
1149     654     0
1150     654     0
1151     655     0
1152     655     0
1153     656     0
1154     656     0
1155     656     0
1156     657     0
1157     656     0
1158     657     0
1159     657     0
1160     657     0
1161     657     0
1162     657     0
1163     657     0
1164     657     0
1165     657     0
1166     657     0
1167     657     0
1168     657     0
1169     657     0
1170     658     0
1171     658     0
1172     658     0
1173     658     0
1174     659     0
1175     659     0
1176     659     0
1177     659     0
1178     659     0
1179     659     0
1180     660     0
1181     660     0
1182     660     0
1183     661     0
1184     661     0
1185     661     0
1186     661     0
1187     662     0
1188     661     0
1189     662     0
1190     662     0
1191     662     0
1192     662     0
1193     662     0
1194     662     0
1195     662     0
1196     663     0
1197     663     0
1198     663     0
1199     663     0
1200     663     0
1201     664     0
1202     664     0
1203     664     0
1204     664     0
1205     664     0
1206     664     0
1207     664     0
1208     664     0
1209     664     0
1210     665     0
1211     665     0
1212     666     0
1213     665     0
1214     666     0
1215     666     0
1216     667     0
1217     667     0
1218     667     0
1219     667     0
1220     668     0
1221     668     0
1222     668     0
1223     669     0
1224     669     0
1225     669     0
1226     669     0
1227     670     0
1228     670     0
1229     669     0
1230     670     0
1231     670     0
1232     670     0
1233     670     0
1234     671     0
1235     671     0
1236     671     0
1237     671     0
1238     671     0
1239     672     0
1240     672     0
1241     673     0
1242     673     0
1243     673     0
1244     673     0
1245     673     0
1246     673     0
1247     674     0
1248     674     0
1249     674     0
1250     675     0
1251     675     0
1252     675     0
1253     675     0
1254     675     0
1255     676     0
1256     676     0
1257     676     0
1258     676     0
1259     676     0
1260     676     0
1261     677     0
1262     676     0
1263     676     0
1264     677     0
1265     677     0
1266     677     0
1267     677     0
1268     677     0
1269     677     0
1270     678     0
1271     678     0
1272     678     0
1273     678     0
1274     678     0
1275     678     0
1276     678     0
1277     679     0
1278     679     0
1279     679     0
1280     679     0
1281     680     0
1282     680     0
1283     680     0
1284     680     0
1285     680     0
1286     680     0
1287     680     0
1288     680     0
1289     680     0
1290     681     0
1291     681     0
1292     681     0
1293     681     0
1294     681     0
1295     681     0
1296     681     0
1297     681     0
1298     681     0
1299     681     0
1300     682     0
1301     682     0
1302     682     0
1303     682     0
1304     682     0
1305     682     0
1306     683     0
1307     683     0
1308     683     0
1309     683     0
1310     683     0
1311     683     0
1312     683     0
1313     684     0
1314     684     0
1315     684     0
1316     684     0
1317     685     0
1318     684     0
1319     685     0
1320     685     0
1321     685     0
1322     685     0
1323     686     0
1324     688     0
1325     689     0
1326     688     0
1327     688     0
1328     689     0
1329     689     0
1330     689     0
1331     690     0
1332     690     0
1333     689     0
1334     690     0
1335     689     0
1336     689     0
1337     690     0
1338     691     0
1339     690     0
1340     691     0
1341     691     0
1342     691     0
1343     691     0
1344     691     0
1345     691     0
1346     691     0
1347     692     0
1348     691     0
1349     692     0
1350     692     0
1351     692     0
1352     693     0
1353     693     0
1354     693     0
1355     692     0
1356     693     0
1357     693     0
1358     693     0
1359     693     0
1360     693     0
1361     693     0
1362     693     0
1363     693     0
1364     693     0
1365     693     0
1366     693     0
1367     694     0
1368     694     0
1369     694     0
1370     694     0
1371     694     0
1372     695     0
1373     695     0
1374     695     0
1375     695     0
1376     695     0
1377     695     0
1378     696     0
1379     696     0
1380     696     0
1381     696     0
1382     696     0
1383     696     0
1384     696     0
1385     696     0
1386     696     0
1387     696     0
1388     696     0
1389     697     0
1390     697     0
1391     697     0
1392     697     0
1393     698     0
1394     698     0
1395     698     0
1396     698     0
1397     698     0
1398     699     0
1399     699     0
1400     699     0
1401     699     0
1402     699     0
1403     699     0
1404     699     0
1405     699     0
1406     700     0
1407     700     0
1408     701     0
1409     701     0
1410     701     0
1411     700     0
1412     701     0
1413     701     0
1414     701     0
1415     701     0
1416     701     0
1417     701     0
1418     701     0
1419     702     0
1420     702     0
1421     702     0
1422     702     0
1423     702     0
1424     702     0
1425     702     0
1426     702     0
1427     702     0
1428     702     0
1429     703     0
1430     703     0
1431     702     0
1432     702     0
1433     703     0
1434     703     0
1435     703     0
1436     703     0
1437     704     0
1438     704     0
1439     704     0
1440     704     0
1441     704     0
1442     704     0
1443     704     0
1444     704     0
1445     705     0
1446     705     0
1447     705     0
1448     705     0
1449     706     0
1450     706     0
1451     706     0
1452     706     0
1453     706     0
1454     706     0
1455     706     0
1456     706     0
1457     707     0
1458     707     0
1459     707     0
1460     707     0
1461     707     0
1462     707     0
1463     707     0
1464     707     0
1465     708     0
1466     708     0
1467     708     0
1468     708     0
1469     708     0
1470     708     0
1471     708     0
1472     708     0
1473     708     0
1474     708     0
1475     708     0
1476     708     0
1477     709     0
1478     709     0
1479     709     0
1480     710     0
1481     710     0
1482     710     0
1483     710     0
1484     711     0
1485     711     0
1486     711     0
1487     711     0
1488     711     0
1489     711     0
1490     711     0
1491     712     0
1492     712     0
1493     712     0
1494     712     0
1495     713     0
1496     713     0
1497     713     0
1498     712     0
1499     713     0
1500     713     0
1501     713     0
1502     713     0
1503     713     0
1504     713     0
1505     714     0
1506     714     0
1507     713     0
1508     713     0
1509     713     0
1510     714     0
1511     714     0
1512     714     0
1513     714     0
1514     714     0
1515     715     0
1516     715     0
1517     715     0
1518     715     0
1519     715     0
1520     715     0
1521     715     0
1522     715     0
1523     715     0
1524     715     0
1525     716     0
1526     716     0
1527     716     0
1528     716     0
1529     717     0
1530     717     0
1531     717     0
1532     717     0
1533     717     0
1534     718     0
1535     718     0
1536     718     0
1537     718     0
1538     718     0
1539     718     0
1540     718     0
1541     719     0
1542     719     0
1543     719     0
1544     719     0
1545     719     0
1546     719     0
1547     719     0
1548     720     0
1549     719     0
1550     720     0
1551     720     0
1552     720     0
1553     720     0
1554     720     0
1555     720     0
1556     721     0
1557     721     0
1558     721     0
1559     721     0
1560     721     0
1561     721     0
1562     721     0
1563     721     0
1564     722     0
1565     722     0
1566     722     0
1567     722     0
1568     722     0
1569     723     0
1570     723     0
1571     722     0
1572     723     0
1573     723     0
1574     723     0
1575     723     0
1576     723     0
1577     724     0
1578     724     0
1579     724     0
1580     724     0
1581     724     0
1582     724     0
1583     724     0
1584     725     0
1585     725     0
1586     724     0
1587     725     0
1588     725     0
1589     725     0
1590     725     0
1591     725     0
1592     725     0
1593     725     0
1594     725     0
1595     726     0
1596     726     0
1597     726     0
1598     726     0
1599     726     0
1600     726     0
1601     726     0
1602     726     0
1603     727     0
1604     727     0
1605     727     0
1606     727     0
1607     727     0
1608     727     0
1609     727     0
1610     728     0
1611     728     0
1612     728     0
1613     728     0
1614     728     0
1615     729     0
1616     728     0
1617     729     0
1618     729     0
1619     729     0
1620     729     0
1621     729     0
1622     729     0
1623     729     0
1624     730     0
1625     730     0
1626     729     0
1627     730     0
1628     730     0
1629     730     0
1630     730     0
1631     730     0
1632     730     0
1633     731     0
1634     731     0
1635     731     0
1636     730     0
1637     731     0
1638     731     0
1639     731     0
1640     731     0
1641     731     0
1642     731     0
1643     731     0
1644     731     0
1645     732     0
1646     731     0
1647     732     0
1648     732     0
1649     732     0
1650     732     0
1651     733     0
1652     733     0
1653     733     0
1654     733     0
1655     733     0
1656     733     0
1657     733     0
1658     733     0
1659     733     0
1660     733     0
1661     733     0
1662     733     0
1663     734     0
1664     734     0
1665     734     0
1666     734     0
1667     734     0
1668     734     0
1669     734     0
1670     734     0
1671     734     0
1672     734     0
1673     734     0
1674     735     0
1675     735     0
1676     735     0
1677     735     0
1678     735     0
1679     735     0
1680     735     0
1681     735     0
1682     735     0
1683     735     0
1684     735     0
1685     735     0
1686     736     0
1687     736     0
1688     736     0
1689     736     0
1690     736     0
1691     736     0
1692     736     0
1693     737     0
1694     737     0
1695     737     0
1696     737     0
1697     737     0
1698     737     0
1699     737     0
1700     737     0
1701     738     0
1702     737     0
1703     738     0
1704     738     0
1705     738     0
1706     738     0
1707     738     0
1708     738     0
1709     738     0
1710     738     0
1711     738     0
1712     739     0
1713     738     0
1714     739     0
1715     739     0
1716     739     0
1717     739     0
1718     739     0
1719     739     0
1720     739     0
1721     739     0
1722     739     0
1723     740     0
1724     740     0
1725     740     0
1726     739     0
1727     740     0
1728     740     0
1729     740     0
1730     740     0
1731     740     0
1732     740     0
1733     740     0
1734     740     0
1735     741     0
1736     741     0
1737     741     0
1738     741     0
1739     741     0
1740     741     0
1741     741     0
1742     741     0
1743     741     0
1744     741     0
1745     742     0
1746     742     0
1747     742     0
1748     742     0
1749     742     0
1750     742     0
1751     742     0
1752     742     0
1753     743     0
1754     743     0
1755     743     0
1756     743     0
1757     743     0
1758     744     0
1759     744     0
1760     744     0
1761     744     0
1762     744     0
1763     744     0
1764     744     0
1765     744     0
1766     744     0
1767     744     0
1768     745     0
1769     745     0
1770     745     0
1771     745     0
1772     745     0
1773     745     0
1774     746     0
1775     745     0
1776     746     0
1777     746     0
1778     746     0
1779     746     0
1780     746     0
1781     746     0
1782     747     0
1783     746     0
1784     746     0
1785     747     0
1786     747     0
1787     747     0
1788     747     0
1789     747     0
1790     747     0
1791     747     0
1792     747     0
1793     747     0
1794     747     0
1795     747     0
1796     747     0
1797     748     0
1798     748     0
1799     748     0
1800     748     0
1801     748     0
1802     748     0
1803     749     0
1804     748     0
1805     749     0
1806     749     0
1807     749     0
1808     749     0
1809     749     0
1810     749     0
1811     750     0
1812     750     0
1813     750     0
1814     750     0
1815     750     0
1816     750     0
1817     750     0
1818     750     0
1819     750     0
1820     751     0
1821     751     0
1822     751     0
1823     751     0
1824     751     0
1825     751     0
1826     751     0
1827     751     0
1828     751     0
1829     752     0
1830     752     0
1831     752     0
1832     752     0
1833     752     0
1834     752     0
1835     752     0
1836     752     0
1837     752     0
1838     752     0
1839     752     0
1840     752     0
1841     752     0
1842     752     0
1843     752     0
1844     752     0
1845     753     0
1846     753     0
1847     753     0
1848     753     0
1849     753     0
1850     753     0
1851     753     0
1852     753     0
1853     753     0
1854     753     0
1855     753     0
1856     753     0
1857     753     0
1858     754     0
1859     754     0
1860     754     0
1861     754     0
1862     754     0
1863     754     0
1864     754     0
1865     754     0
1866     754     0
1867     755     0
1868     755     0
1869     755     0
1870     755     0
1871     755     0
1872     755     0
1873     755     0
1874     755     0
1875     755     0
1876     755     0
1877     755     0
1878     755     0
1879     755     0
1880     755     0
1881     755     0
1882     755     0
1883     755     0
1884     756     0
1885     756     0
1886     756     0
1887     756     0
1888     756     0
1889     756     0
1890     756     0
1891     756     0
1892     756     0
1893     757     0
1894     757     0
1895     757     0
1896     757     0
1897     757     0
1898     757     0
1899     757     0
1900     757     0
1901     757     0
1902     757     0
1903     757     0
1904     758     0
1905     758     0
1906     758     0
1907     758     0
1908     758     0
1909     758     0
1910     758     0
1911     758     0
1912     758     0
1913     758     0
1914     758     0
1915     759     0
1916     759     0
1917     759     0
1918     759     0
1919     759     0
1920     759     0
1921     759     0
1922     759     0
1923     759     0
1924     759     0
1925     759     0
1926     759     0
1927     759     0
1928     760     0
1929     760     0
1930     760     0
1931     760     0
1932     760     0
1933     760     0
1934     760     0
1935     760     0
1936     760     0
1937     760     0
1938     761     0
1939     760     0
1940     760     0
1941     760     0
1942     760     0
1943     761     0
1944     761     0
1945     761     0
1946     761     0
1947     762     0
1948     761     0
1949     762     0
1950     762     0
1951     762     0
1952     762     0
1953     762     0
1954     762     0
1955     762     0
1956     762     0
1957     763     0
1958     763     0
1959     763     0
1960     763     0
1961     763     0
1962     763     0
1963     763     0
1964     763     0
1965     763     0
1966     763     0
1967     763     0
1968     763     0
1969     763     0
1970     764     0
1971     763     0
1972     763     0
1973     764     0
1974     764     0
1975     764     0
1976     764     0
1977     764     0
1978     764     0
1979     764     0
1980     764     0
1981     765     0
1982     765     0
1983     765     0
1984     765     0
1985     765     0
1986     765     0
1987     765     0
1988     765     0
1989     765     0
1990     765     0
1991     765     0
1992     766     0
1993     766     0
1994     766     0
1995     766     0
1996     766     0
1997     766     0
1998     766     0
1999     766     0
2000     767     0
2001     766     0
2002     767     0
2003     767     0
2004     767     0
2005     767     0
2006     767     0
2007     767     0
2008     767     0
2009     767     0
2010     768     0
2011     768     0
2012     768     0
2013     768     0
2014     768     0
2015     768     0
2016     768     0
2017     768     0
2018     768     0
2019     768     0
2020     768     0
2021     768     0
2022     768     0
2023     768     0
2024     769     0
2025     768     0
2026     769     0
2027     769     0
2028     769     0
2029     769     0
2030     769     0
2031     769     0
2032     769     0
2033     769     0
2034     769     0
2035     769     0
2036     769     0
2037     769     0
2038     769     0
2039     769     0
2040     769     0
2041     769     0
2042     769     0
2043     770     0
2044     770     0
2045     770     0
2046     770     0
2047     770     0
2048     770     0
2049     770     0
2050     770     0
2051     770     0
2052     770     0
2053     770     0
2054     771     0
2055     771     0
2056     771     0
2057     771     0
2058     771     0
2059     771     0
2060     771     0
2061     771     0
2062     771     0
2063     771     0
2064     771     0
2065     772     0
2066     772     0
2067     772     0
2068     772     0
2069     772     0
2070     772     0
2071     772     0
2072     772     0
2073     772     0
2074     772     0
2075     772     0
2076     772     0
2077     772     0
2078     772     0
2079     772     0
2080     772     0
2081     773     0
2082     772     0
2083     773     0
2084     773     0
2085     773     0
2086     773     0
2087     773     0
2088     773     0
2089     773     0
2090     773     0
2091     773     0
2092     774     0
2093     773     0
2094     774     0
2095     774     0
2096     773     0
2097     774     0
2098     774     0
2099     774     0
2100     774     0
2101     774     0
2102     774     0
2103     774     0
2104     775     0
2105     775     0
2106     775     0
2107     775     0
2108     775     0
2109     775     0
2110     775     0
2111     775     0
2112     775     0
2113     775     0
2114     775     0
2115     775     0
2116     775     0
2117     775     0
2118     775     0
2119     776     0
2120     775     0
2121     776     0
2122     775     0
2123     775     0
2124     775     0
2125     776     0
2126     776     0
2127     775     0
2128     776     0
2129     776     0
2130     776     0
2131     776     0
2132     776     0
2133     776     0
2134     776     0
2135     776     0
2136     776     0
2137     776     0
2138     776     0
2139     777     0
2140     777     0
2141     776     0
2142     777     0
2143     777     0
2144     777     0
2145     777     0
2146     777     0
2147     777     0
2148     777     0
2149     777     0
2150     777     0
2151     777     0
2152     777     0
2153     777     0
2154     777     0
2155     777     0
2156     777     0
2157     778     0
2158     778     0
2159     778     0
2160     778     0
2161     778     0
2162     778     0
2163     778     0
2164     778     0
2165     778     0
2166     779     0
2167     779     0
2168     778     0
2169     779     0
2170     779     0
2171     779     0
2172     779     0
2173     779     0
2174     779     0
2175     779     0
2176     779     0
2177     779     0
2178     779     0
2179     779     0
2180     779     0
2181     780     0
2182     779     0
2183     779     0
2184     780     0
2185     780     0
2186     779     0
2187     779     0
2188     779     0
2189     780     0
2190     780     0
2191     780     0
2192     780     0
2193     780     0
2194     780     0
2195     780     0
2196     780     0
2197     780     0
2198     780     0
2199     780     0
2200     781     0
2201     781     0
2202     781     0
2203     780     0
2204     781     0
2205     781     0
2206     781     0
2207     781     0
2208     781     0
2209     781     0
2210     781     0
2211     781     0
2212     781     0
2213     782     0
2214     781     0
2215     782     0
2216     782     0
2217     782     0
2218     782     0
2219     782     0
2220     782     0
2221     782     0
2222     782     0
2223     782     0
2224     782     0
2225     782     0
2226     782     0
2227     782     0
2228     783     0
2229     783     0
2230     783     0
2231     783     0
2232     783     0
2233     783     0
2234     783     0
2235     783     0
2236     783     0
2237     783     0
2238     783     0
2239     783     0
2240     783     0
2241     783     0
2242     783     0
2243     783     0
2244     783     0
2245     783     0
2246     783     0
2247     783     0
2248     784     0
2249     784     0
2250     784     0
2251     784     0
2252     784     0
2253     784     0
2254     784     0
2255     784     0
2256     784     0
2257     784     0
2258     784     0
2259     784     0
2260     784     0
2261     784     0
2262     784     0
2263     784     0
2264     784     0
2265     784     0
2266     784     0
2267     784     0
2268     784     0
2269     785     0
2270     785     0
2271     785     0
2272     785     0
2273     785     0
2274     785     0
2275     785     0
2276     785     0
2277     785     0
2278     785     0
2279     785     0
2280     785     0
2281     785     0
2282     785     0
2283     786     0
2284     785     0
2285     785     0
2286     785     0
2287     786     0
2288     786     0
2289     786     0
2290     785     0
2291     786     0
2292     786     0
2293     786     0
2294     786     0
2295     786     0
2296     786     0
2297     786     0
2298     786     0
2299     787     0
2300     787     0
2301     787     0
2302     787     0
2303     787     0
2304     787     0
2305     787     0
2306     787     0
2307     787     0
2308     787     0
2309     787     0
2310     787     0
2311     787     0
2312     788     0
2313     788     0
2314     788     0
2315     787     0
2316     788     0
2317     788     0
2318     788     0
2319     788     0
2320     788     0
2321     788     0
2322     788     0
2323     788     0
2324     788     0
2325     788     0
2326     788     0
2327     788     0
2328     788     0
2329     788     0
2330     788     0
2331     788     0
2332     788     0
2333     788     0
2334     789     0
2335     788     0
2336     789     0
2337     789     0
2338     788     0
2339     789     0
2340     789     0
2341     789     0
2342     789     0
2343     789     0
2344     789     0
2345     789     0
2346     789     0
2347     789     0
2348     789     0
2349     789     0
2350     789     0
2351     789     0
2352     789     0
2353     789     0
2354     789     0
2355     790     0
2356     790     0
2357     790     0
2358     790     0
2359     789     0
2360     790     0
2361     789     0
2362     790     0
2363     790     0
2364     790     0
2365     790     0
2366     790     0
2367     790     0
2368     790     0
2369     790     0
2370     791     0
2371     790     0
2372     791     0
2373     791     0
2374     791     0
2375     791     0
2376     791     0
2377     791     0
2378     791     0
2379     791     0
2380     791     0
2381     791     0
2382     791     0
2383     791     0
2384     791     0
2385     791     0
2386     792     0
2387     791     0
2388     792     0
2389     792     0
2390     791     0
2391     792     0
2392     791     0
2393     792     0
2394     792     0
2395     792     0
2396     792     0
2397     792     0
2398     792     0
2399     792     0
2400     792     0
2401     792     0
2402     792     0
2403     792     0
2404     792     0
2405     792     0
2406     792     0
2407     793     0
2408     793     0
2409     793     0
2410     793     0
2411     793     0
2412     793     0
2413     793     0
2414     793     0
2415     793     0
2416     793     0
2417     793     0
2418     793     0
2419     794     0
2420     793     0
2421     794     0
2422     793     0
2423     794     0
2424     793     0
2425     793     0
2426     794     0
2427     794     0
2428     794     0
2429     794     0
2430     794     0
2431     794     0
2432     794     0
2433     794     0
2434     794     0
2435     794     0
2436     794     0
2437     794     0
2438     794     0
2439     795     0
2440     794     0
2441     795     0
2442     795     0
2443     795     0
2444     795     0
2445     795     0
2446     795     0
2447     795     0
2448     795     0
2449     795     0
2450     795     0
2451     795     0
2452     795     0
2453     795     0
2454     795     0
2455     795     0
2456     795     0
2457     796     0
2458     795     0
2459     795     0
2460     796     0
2461     795     0
2462     796     0
2463     796     0
2464     796     0
2465     796     0
2466     796     0
2467     796     0
2468     796     0
2469     796     0
2470     796     0
2471     796     0
2472     796     0
2473     797     0
2474     797     0
2475     797     0
2476     797     0
2477     797     0
2478     797     0
2479     797     0
2480     797     0
2481     797     0
2482     797     0
2483     796     0
2484     797     0
2485     797     0
2486     797     0
2487     797     0
2488     797     0
2489     797     0
2490     797     0
2491     797     0
2492     797     0
2493     797     0
2494     797     0
2495     797     0
2496     797     0
2497     797     0
2498     797     0
2499     798     0
2500     798     0
2501     798     0
2502     798     0
2503     798     0
2504     797     0
2505     797     0
2506     798     0
2507     798     0
2508     798     0
2509     798     0
2510     798     0
2511     798     0
2512     798     0
2513     798     0
2514     798     0
2515     798     0
2516     798     0
2517     798     0
2518     798     0
2519     798     0
2520     798     0
2521     798     0
2522     798     0
2523     798     0
2524     798     0
2525     798     0
2526     798     0
2527     799     0
2528     798     0
2529     799     0
2530     799     0
2531     799     0
2532     799     0
2533     799     0
2534     799     0
2535     799     0
2536     799     0
2537     799     0
2538     799     0
2539     799     0
2540     799     0
2541     799     0
2542     799     0
2543     799     0
2544     799     0
2545     800     0
2546     800     0
2547     800     0
2548     800     0
2549     800     0
2550     800     0
2551     800     0
2552     800     0
2553     800     0
2554     800     0
2555     800     0
2556     800     0
2557     800     0
2558     800     0
2559     801     0
2560     800     0
2561     800     0
2562     801     0
2563     801     0
2564     801     0
2565     801     0
2566     801     0
2567     801     0
2568     801     0
2569     801     0
2570     801     0
2571     801     0
2572     801     0
2573     801     0
2574     801     0
2575     801     0
2576     801     0
2577     801     0
2578     802     0
2579     801     0
2580     802     0
2581     802     0
2582     802     0
2583     802     0
2584     802     0
2585     802     0
2586     802     0
2587     802     0
2588     802     0
2589     802     0
2590     802     0
2591     802     0
2592     802     0
2593     802     0
2594     802     0
2595     802     0
2596     802     0
2597     802     0
2598     802     0
2599     802     0
2600     803     0
2601     802     0
2602     802     0
2603     802     0
2604     803     0
2605     803     0
2606     803     0
2607     803     0
2608     803     0
2609     803     0
2610     803     0
2611     803     0
2612     803     0
2613     803     0
2614     803     0
2615     803     0
2616     803     0
2617     803     0
2618     803     0
2619     803     0
2620     803     0
2621     803     0
2622     804     0
2623     804     0
2624     804     0
2625     804     0
2626     804     0
2627     804     0
2628     804     0
2629     804     0
2630     804     0
2631     804     0
2632     804     0
2633     804     0
2634     804     0
2635     804     0
2636     804     0
2637     804     0
2638     804     0
2639     804     0
2640     804     0
2641     805     0
2642     804     0
2643     805     0
2644     805     0
2645     805     0
2646     805     0
2647     805     0
2648     805     0
2649     805     0
2650     805     0
2651     805     0
2652     805     0
2653     805     0
2654     805     0
2655     805     0
2656     804     0
2657     805     0
2658     805     0
2659     805     0
2660     805     0
2661     805     0
2662     805     0
2663     805     0
2664     805     0
2665     805     0
2666     805     0
2667     805     0
2668     805     0
2669     805     0
2670     805     0
2671     805     0
2672     805     0
2673     805     0
2674     806     0
2675     805     0
2676     805     0
2677     805     0
2678     805     0
2679     805     0
2680     805     0
2681     805     0
2682     806     0
2683     806     0
2684     806     0
2685     806     0
2686     806     0
2687     806     0
2688     806     0
2689     806     0
2690     806     0
2691     806     0
2692     806     0
2693     806     0
2694     806     0
2695     806     0
2696     806     0
2697     806     0
2698     807     0
2699     806     0
2700     807     0
2701     806     0
2702     806     0
2703     806     0
2704     807     0
2705     806     0
2706     807     0
2707     807     0
2708     807     0
2709     807     0
2710     807     0
2711     807     0
2712     807     0
2713     807     0
2714     807     0
2715     807     0
2716     807     0
2717     807     0
2718     807     0
2719     807     0
2720     807     0
2721     807     0
2722     808     0
2723     807     0
2724     808     0
2725     808     0
2726     808     0
2727     808     0
2728     808     0
2729     808     0
2730     808     0
2731     808     0
2732     808     0
2733     807     0
2734     808     0
2735     808     0
2736     808     0
2737     808     0
2738     808     0
2739     808     0
2740     808     0
2741     808     0
2742     808     0
2743     808     0
2744     808     0
2745     809     0
2746     808     0
2747     808     0
2748     808     0
2749     808     0
2750     808     0
2751     808     0
2752     808     0
2753     808     0
2754     809     0
2755     809     0
2756     809     0
2757     809     0
2758     809     0
2759     809     0
2760     809     0
2761     809     0
2762     809     0
2763     809     0
2764     809     0
2765     809     0
2766     809     0
2767     809     0
2768     809     0
2769     809     0
2770     809     0
2771     809     0
2772     809     0
2773     809     0
2774     809     0
2775     809     0
2776     809     0
2777     809     0
2778     810     0
2779     810     0
2780     810     0
2781     810     0
2782     810     0
2783     810     0
2784     810     0
2785     810     0
2786     810     0
2787     810     0
2788     810     0
2789     810     0
2790     810     0
2791     810     0
2792     810     0
2793     810     0
2794     810     0
2795     811     0
2796     811     0
2797     811     0
2798     811     0
2799     811     0
2800     811     0
2801     811     0
2802     811     0
2803     811     0
2804     811     0
2805     811     0
2806     811     0
2807     811     0
2808     811     0
2809     811     0
2810     811     0
2811     811     0
2812     811     0
2813     811     0
2814     811     0
2815     811     0
2816     811     0
2817     811     0
2818     811     0
2819     811     0
2820     811     0
2821     811     0
2822     811     0
2823     812     0
2824     812     0
2825     812     0
2826     812     0
2827     812     0
2828     812     0
2829     812     0
2830     812     0
2831     812     0
2832     812     0
2833     812     0
2834     812     0
2835     812     0
2836     812     0
2837     812     0
2838     812     0
2839     812     0
2840     812     0
2841     812     0
2842     812     0
2843     812     0
2844     812     0
2845     812     0
2846     812     0
2847     812     0
2848     812     0
2849     812     0
2850     812     0
2851     813     0
2852     813     0
2853     812     0
2854     813     0
2855     812     0
2856     812     0
2857     813     0
2858     813     0
2859     813     0
2860     812     0
2861     813     0
2862     813     0
2863     813     0
2864     813     0
2865     813     0
2866     813     0
2867     813     0
2868     813     0
2869     813     0
2870     813     0
2871     813     0
2872     813     0
2873     813     0
2874     813     0
2875     813     0
2876     813     0
2877     813     0
2878     813     0
2879     813     0
2880     814     0
2881     814     0
2882     814     0
2883     813     0
2884     814     0
2885     814     0
2886     814     0
2887     814     0
2888     814     0
2889     814     0
2890     814     0
2891     814     0
2892     814     0
2893     814     0
2894     814     0
2895     814     0
2896     814     0
2897     814     0
2898     814     0
2899     814     0
2900     814     0
2901     814     0
2902     814     0
2903     814     0
2904     815     0
2905     814     0
2906     814     0
2907     815     0
2908     815     0
2909     815     0
2910     815     0
2911     815     0
2912     815     0
2913     815     0
2914     815     0
2915     815     0
2916     815     0
2917     815     0
2918     815     0
2919     815     0
2920     815     0
2921     815     0
2922     815     0
2923     815     0
2924     815     0
2925     815     0
2926     815     0
2927     815     0
2928     815     0
2929     815     0
2930     816     0
2931     815     0
2932     815     0
2933     815     0
2934     815     0
2935     815     0
2936     816     0
2937     816     0
2938     816     0
2939     816     0
2940     816     0
2941     816     0
2942     816     0
2943     816     0
2944     815     0
2945     816     0
2946     816     0
2947     816     0
2948     816     0
2949     816     0
2950     816     0
2951     816     0
2952     816     0
2953     816     0
2954     816     0
2955     816     0
2956     816     0
2957     816     0
2958     816     0
2959     816     0
2960     816     0
2961     816     0
2962     816     0
2963     816     0
2964     816     0
2965     816     0
2966     816     0
2967     816     0
2968     816     0
2969     816     0
2970     816     0
2971     816     0
2972     816     0
2973     816     0
2974     816     0
2975     816     0
2976     816     0
2977     816     0
2978     816     0
2979     817     0
2980     816     0
2981     817     0
2982     817     0
2983     817     0
2984     817     0
2985     817     0
2986     817     0
2987     817     0
2988     817     0
2989     817     0
2990     817     0
2991     817     0
2992     817     0
2993     817     0
2994     817     0
2995     817     0
2996     817     0
2997     817     0
2998     817     0
2999     817     0
3000     818     0
3001     817     0
3002     818     0
3003     818     0
3004     818     0
3005     818     0
3006     817     0
3007     818     0
3008     818     0
3009     818     0
3010     817     0
3011     818     0
3012     818     0
3013     818     0
3014     818     0
3015     818     0
3016     817     0
3017     818     0
3018     818     0
3019     818     0
3020     818     0
3021     818     0
3022     818     0
3023     818     0
3024     818     0
3025     818     0
3026     818     0
3027     818     0
3028     818     0
3029     818     0
3030     818     0
3031     818     0
3032     818     0
3033     818     0
3034     818     0
3035     818     0
3036     819     0
3037     819     0
3038     819     0
3039     819     0
3040     819     0
3041     819     0
3042     819     0
3043     819     0
3044     819     0
3045     819     0
3046     819     0
3047     819     0
3048     819     0
3049     819     0
3050     819     0
3051     819     0
3052     819     0
3053     819     0
3054     819     0
3055     819     0
3056     819     0
3057     819     0
3058     819     0
3059     819     0
3060     819     0
3061     819     0
3062     819     0
3063     819     0
3064     820     0
3065     820     0
3066     819     0
3067     820     0
3068     819     0
3069     820     0
3070     820     0
3071     820     0
3072     820     0
3073     820     0
3074     820     0
3075     820     0
3076     820     0
3077     820     0
3078     820     0
3079     820     0
3080     820     0
3081     820     0
3082     820     0
3083     820     0
3084     821     0
3085     820     0
3086     820     0
3087     820     0
3088     820     0
3089     821     0
3090     820     0
3091     820     0
3092     820     0
3093     821     0
3094     821     0
3095     821     0
3096     821     0
3097     820     0
3098     821     0
3099     821     0
3100     821     0
3101     821     0
3102     821     0
3103     821     0
3104     821     0
3105     821     0
3106     821     0
3107     821     0
3108     821     0
3109     821     0
3110     821     0
3111     821     0
3112     821     0
3113     821     0
3114     821     0
3115     821     0
3116     821     0
3117     821     0
3118     821     0
3119     821     0
3120     821     0
3121     821     0
3122     821     0
3123     821     0
3124     821     0
3125     821     0
3126     821     0
3127     821     0
3128     821     0
3129     822     0
3130     822     0
3131     822     0
3132     822     0
3133     821     0
3134     821     0
3135     821     0
3136     822     0
3137     822     0
3138     821     0
3139     822     0
3140     822     0
3141     822     0
3142     822     0
3143     822     0
3144     822     0
3145     822     0
3146     822     0
3147     822     0
3148     822     0
3149     822     0
3150     822     0
3151     822     0
3152     822     0
3153     822     0
3154     822     0
3155     822     0
3156     822     0
3157     822     0
3158     822     0
3159     822     0
3160     822     0

-----------------------------------------------
Date: 13.04.2013 - 0:25:34
End log file
